1  1.357  1.351  36.111  38.500
2  1.348  1.345  37.278  38.500
3  1.347  1.346  37.278  38.500
4  1.348  1.348  37.278  38.500
5  1.347  1.349  37.278  38.500
6  1.346  1.340  37.194  38.750
7  1.343  1.347  37.639  38.500
8  1.345  1.348  37.472  38.500
9  1.344  1.347  37.417  38.750
10  1.346  1.351  37.444  38.500
11  1.343  1.350  37.472  38.500
12  1.347  1.349  37.472  38.500
13  1.341  1.364  37.528  38.750
14  1.346  1.350  37.306  38.500
15  1.346  1.350  37.417  38.500
16  1.346  1.351  37.278  38.500
17  1.346  1.350  37.278  38.500
18  1.347  1.349  37.278  38.500
19  1.346  1.350  37.278  38.500
20  1.346  1.350  37.278  38.500
21  1.342  1.349  37.333  38.750
22  1.345  1.349  37.444  38.500
23  1.347  1.350  37.389  38.500
24  1.347  1.351  37.250  38.500
25  1.346  1.351  37.278  38.500
26  1.346  1.350  37.278  38.500
27  1.346  1.350  37.278  38.500
28  1.346  1.350  37.278  38.500
29  1.346  1.350  37.278  38.500
30  1.346  1.350  37.278  38.500
31  1.346  1.350  37.278  38.500
32  1.346  1.350  37.278  38.500
33  1.346  1.350  37.278  38.500
34  1.346  1.350  37.278  38.500
35  1.346  1.350  37.278  38.500
36  1.346  1.350  37.278  38.500
37  1.346  1.350  37.278  38.500
38  1.346  1.350  37.278  38.500
39  1.346  1.350  37.278  38.500
40  1.346  1.350  37.278  38.500
41  1.346  1.350  37.278  38.500
42  1.346  1.350  37.278  38.500
43  1.346  1.350  37.278  38.500
44  1.346  1.350  37.278  38.500
45  1.346  1.350  37.278  38.500
46  1.346  1.350  37.278  38.500
47  1.346  1.350  37.278  38.500
48  1.346  1.350  37.278  38.500
49  1.346  1.350  37.278  38.500
50  1.346  1.350  37.278  38.500
51  1.346  1.350  37.278  38.500
52  1.346  1.350  37.278  38.500
53  1.346  1.350  37.278  38.500
54  1.346  1.350  37.278  38.500
55  1.346  1.350  37.278  38.500
56  1.346  1.350  37.278  38.500
57  1.346  1.350  37.278  38.500
58  1.346  1.350  37.278  38.500
59  1.346  1.350  37.278  38.500
60  1.346  1.350  37.278  38.500
61  1.346  1.350  37.278  38.500
62  1.346  1.350  37.278  38.500
63  1.346  1.350  37.278  38.500
64  1.346  1.350  37.278  38.500
65  1.346  1.350  37.278  38.500
66  1.346  1.350  37.278  38.500
67  1.346  1.350  37.278  38.500
68  1.346  1.350  37.278  38.500
69  1.346  1.350  37.278  38.500
70  1.346  1.350  37.278  38.500
71  1.346  1.350  37.278  38.500
72  1.346  1.350  37.278  38.500
73  1.346  1.350  37.278  38.500
74  1.346  1.350  37.278  38.500
75  1.346  1.350  37.278  38.500
76  1.346  1.350  37.278  38.500
77  1.346  1.350  37.278  38.500
78  1.346  1.350  37.278  38.500
79  1.346  1.350  37.278  38.500
80  1.346  1.350  37.278  38.500
81  1.346  1.350  37.278  38.500
82  1.346  1.350  37.278  38.500
83  1.346  1.350  37.278  38.500
84  1.346  1.350  37.278  38.500
85  1.346  1.350  37.278  38.500
86  1.346  1.350  37.278  38.500
87  1.346  1.350  37.278  38.500
88  1.346  1.350  37.278  38.500
89  1.346  1.350  37.278  38.500
90  1.346  1.350  37.278  38.500
91  1.346  1.350  37.278  38.500
92  1.346  1.350  37.278  38.500
93  1.346  1.350  37.278  38.500
94  1.346  1.350  37.278  38.500
95  1.346  1.350  37.278  38.500
96  1.346  1.350  37.278  38.500
97  1.346  1.350  37.278  38.500
98  1.346  1.350  37.278  38.500
99  1.346  1.350  37.278  38.500
100  1.346  1.350  37.278  38.500
101  1.346  1.350  37.278  38.500
102  1.346  1.350  37.278  38.500
103  1.346  1.350  37.278  38.500
104  1.346  1.350  37.278  38.500
105  1.346  1.350  37.278  38.500
106  1.346  1.350  37.278  38.500
107  1.346  1.350  37.278  38.500
108  1.346  1.350  37.278  38.500
109  1.346  1.350  37.278  38.500
110  1.346  1.350  37.278  38.500
111  1.346  1.350  37.278  38.500
112  1.346  1.350  37.278  38.500
113  1.346  1.350  37.278  38.500
114  1.346  1.350  37.278  38.500
115  1.346  1.350  37.278  38.500
116  1.346  1.350  37.278  38.500
117  1.346  1.350  37.278  38.500
118  1.346  1.350  37.278  38.500
119  1.346  1.350  37.278  38.500
120  1.346  1.350  37.278  38.500
121  1.346  1.350  37.278  38.500
122  1.346  1.350  37.278  38.500
123  1.346  1.350  37.278  38.500
124  1.346  1.350  37.278  38.500
125  1.346  1.350  37.278  38.500
126  1.346  1.350  37.278  38.500
127  1.346  1.350  37.278  38.500
128  1.346  1.350  37.278  38.500
129  1.346  1.350  37.278  38.500
130  1.346  1.350  37.278  38.500
131  1.346  1.350  37.278  38.500
132  1.346  1.350  37.278  38.500
133  1.346  1.350  37.278  38.500
134  1.346  1.350  37.278  38.500
135  1.346  1.350  37.278  38.500
136  1.346  1.350  37.278  38.500
137  1.346  1.350  37.278  38.500
138  1.346  1.350  37.278  38.500
139  1.346  1.350  37.278  38.500
140  1.346  1.350  37.278  38.500
141  1.346  1.350  37.278  38.500
142  1.346  1.350  37.278  38.500
143  1.346  1.350  37.278  38.500
144  1.346  1.350  37.278  38.500
145  1.346  1.350  37.278  38.500
146  1.346  1.350  37.278  38.500
147  1.346  1.350  37.278  38.500
148  1.346  1.350  37.278  38.500
149  1.346  1.350  37.278  38.500
150  1.346  1.350  37.278  38.500
151  1.346  1.350  37.278  38.500
152  1.346  1.350  37.278  38.500
153  1.346  1.350  37.278  38.500
154  1.346  1.350  37.278  38.500
155  1.346  1.350  37.278  38.500
156  1.346  1.350  37.278  38.500
157  1.346  1.350  37.278  38.500
158  1.346  1.350  37.278  38.500
159  1.346  1.350  37.278  38.500
160  1.346  1.350  37.278  38.500
161  1.346  1.350  37.278  38.500
162  1.346  1.350  37.278  38.500
163  1.346  1.350  37.278  38.500
164  1.346  1.350  37.278  38.500
165  1.346  1.350  37.278  38.500
166  1.346  1.350  37.278  38.500
167  1.346  1.350  37.278  38.500
168  1.346  1.350  37.278  38.500
169  1.346  1.350  37.278  38.500
170  1.346  1.350  37.278  38.500
171  1.346  1.350  37.278  38.500
172  1.346  1.350  37.278  38.500
173  1.346  1.350  37.278  38.500
174  1.346  1.350  37.278  38.500
175  1.346  1.350  37.278  38.500
176  1.346  1.350  37.278  38.500
177  1.346  1.350  37.278  38.500
178  1.346  1.350  37.278  38.500
179  1.346  1.350  37.278  38.500
180  1.346  1.350  37.278  38.500
181  1.346  1.350  37.278  38.500
182  1.346  1.350  37.278  38.500
183  1.346  1.350  37.278  38.500
184  1.346  1.350  37.278  38.500
185  1.346  1.350  37.278  38.500
186  1.346  1.350  37.278  38.500
187  1.346  1.350  37.278  38.500
188  1.346  1.350  37.278  38.500
189  1.346  1.350  37.278  38.500
190  1.346  1.350  37.278  38.500
191  1.346  1.350  37.278  38.500
192  1.346  1.350  37.278  38.500
193  1.346  1.350  37.278  38.500
194  1.346  1.350  37.278  38.500
195  1.346  1.350  37.278  38.500
196  1.346  1.350  37.278  38.500
197  1.346  1.350  37.278  38.500
198  1.346  1.350  37.278  38.500
199  1.346  1.350  37.278  38.500
200  1.346  1.350  37.278  38.500
