1  1.339  1.285  36.056  42.250
2  1.323  1.279  36.694  44.000
3  1.309  1.219  37.500  45.000
4  1.114  1.155  47.278  46.750
5  1.047  1.106  50.583  50.000
6  1.023  1.075  51.222  48.500
7  1.006  1.061  52.806  50.750
8  0.992  1.044  53.194  51.750
9  0.977  1.031  54.056  53.500
10  0.972  1.026  54.667  52.750
11  0.965  1.017  55.194  53.500
12  0.960  1.007  55.444  53.500
13  0.953  1.003  56.056  54.500
14  0.951  0.996  55.972  54.500
15  0.950  0.994  56.194  55.000
16  0.945  0.992  56.528  54.000
17  0.943  0.981  56.722  54.750
18  0.939  0.982  56.444  54.750
19  0.939  0.982  57.083  55.000
20  0.935  0.979  56.806  55.000
21  0.934  0.981  57.139  56.250
22  0.931  0.982  57.278  55.250
23  0.929  0.977  57.500  55.500
24  0.928  0.987  57.417  54.750
25  0.928  0.982  57.611  55.250
26  0.925  0.989  57.750  55.000
27  0.928  0.990  57.333  54.750
28  0.925  0.985  57.500  55.500
29  0.926  0.984  57.167  55.500
30  0.923  0.985  57.778  54.750
31  0.923  0.990  57.639  54.500
32  0.925  0.992  57.694  54.000
33  0.921  0.986  57.639  54.000
34  0.919  0.986  58.000  55.250
35  0.921  0.987  57.861  54.000
36  0.919  0.988  58.028  54.750
37  0.919  0.989  58.028  54.500
38  0.919  0.993  58.028  54.250
39  0.917  0.989  58.333  54.500
40  0.922  1.003  58.000  52.750
41  0.918  1.007  58.194  52.500
42  0.917  0.998  58.306  53.250
43  0.915  0.999  58.139  52.750
44  0.916  0.988  57.778  53.500
45  0.914  0.989  58.278  53.750
46  0.913  0.991  58.333  53.750
47  0.913  1.000  58.167  53.750
48  0.913  0.995  58.278  53.250
49  0.912  0.994  58.389  54.250
50  0.912  1.000  57.972  53.000
51  0.913  0.999  58.083  54.500
52  0.911  1.006  58.028  53.500
53  0.910  0.998  58.361  54.750
54  0.912  1.001  57.583  54.500
55  0.911  1.015  58.389  52.000
56  0.910  0.998  58.083  53.750
57  0.911  0.991  58.111  56.000
58  0.909  1.003  58.389  53.750
59  0.908  1.002  58.167  54.500
60  0.907  1.010  58.194  53.250
61  0.907  1.001  58.167  52.250
62  0.907  0.998  58.028  53.000
63  0.908  1.003  58.111  53.750
64  0.910  1.004  57.722  53.250
65  0.911  1.012  58.250  53.250
66  0.907  1.003  57.722  53.250
67  0.907  1.003  58.167  53.250
68  0.909  1.009  58.194  53.250
69  0.906  1.003  58.083  54.500
70  0.909  1.010  58.333  54.000
71  0.907  1.007  58.250  53.500
72  0.908  0.998  58.167  53.750
73  0.907  1.020  58.556  53.250
74  0.906  1.003  58.583  55.000
75  0.908  1.014  58.111  54.000
76  0.905  1.009  58.167  55.250
77  0.903  0.993  58.222  54.250
78  0.906  1.018  58.806  54.500
79  0.910  1.020  58.056  54.000
80  0.905  1.007  57.917  55.250
81  0.907  1.010  58.278  54.500
82  0.904  1.001  58.333  55.250
83  0.903  1.004  58.111  55.250
84  0.905  1.011  58.556  54.500
85  0.902  1.008  58.028  55.250
86  0.902  1.002  58.444  54.500
87  0.904  1.014  58.222  55.500
88  0.906  1.007  58.111  54.750
89  0.904  1.002  58.139  55.000
90  0.902  1.003  58.222  55.500
91  0.902  1.003  57.889  54.750
92  0.902  1.014  58.222  54.750
93  0.899  1.014  58.639  56.000
94  0.903  1.010  58.139  56.250
95  0.903  1.026  58.278  54.750
96  0.904  1.017  58.472  55.750
97  0.898  1.008  58.083  55.750
98  0.901  1.024  58.500  56.000
99  0.898  1.005  58.778  56.000
100  0.900  1.018  58.333  55.500
101  0.896  1.016  58.694  55.750
102  0.904  1.014  58.333  56.250
103  0.899  1.021  58.389  54.250
104  0.898  1.009  58.583  56.250
105  0.897  1.008  58.250  56.750
106  0.897  1.010  58.389  56.250
107  0.902  1.012  57.417  55.750
108  0.900  1.012  58.167  56.250
109  0.898  1.010  58.583  54.750
110  0.896  1.014  58.361  56.500
111  0.896  1.023  58.417  56.000
112  0.895  1.015  58.583  56.500
113  0.898  1.017  58.278  56.250
114  0.897  1.017  58.667  56.000
115  0.896  1.012  58.472  56.750
116  0.899  1.018  58.472  55.500
117  0.896  1.018  58.917  56.250
118  0.896  1.020  58.861  56.750
119  0.895  1.015  58.833  56.000
120  0.899  1.020  58.500  55.000
121  0.897  1.011  58.306  56.250
122  0.895  1.032  58.750  56.750
123  0.898  1.020  58.444  55.500
124  0.899  1.017  58.389  56.000
125  0.895  1.012  58.833  56.750
126  0.894  1.011  58.861  56.500
127  0.894  1.016  58.917  57.250
128  0.894  1.024  58.861  56.500
129  0.895  1.011  58.639  56.000
130  0.893  1.012  59.083  56.250
131  0.894  1.018  58.972  56.000
132  0.893  1.017  59.083  56.250
133  0.894  1.017  58.806  56.750
134  0.896  1.025  59.028  55.000
135  0.893  1.019  59.167  56.750
136  0.893  1.018  59.028  55.750
137  0.895  1.031  59.306  54.000
138  0.893  1.014  58.778  56.250
139  0.891  1.026  58.667  56.250
140  0.894  1.014  58.944  56.250
141  0.893  1.022  58.917  56.750
142  0.894  1.019  58.528  56.250
143  0.894  1.009  58.944  57.000
144  0.890  1.019  59.250  56.500
145  0.893  1.027  59.222  56.500
146  0.891  1.019  58.944  57.000
147  0.892  1.038  59.167  56.750
148  0.891  1.030  59.361  57.250
149  0.890  1.015  59.389  56.000
150  0.890  1.018  58.861  57.000
151  0.891  1.020  59.000  56.500
152  0.892  1.015  58.806  56.500
153  0.893  1.013  59.028  55.750
154  0.893  1.020  59.000  56.250
155  0.890  1.019  58.833  55.750
156  0.889  1.041  59.222  57.000
157  0.891  1.037  58.667  56.000
158  0.891  1.017  59.083  56.250
159  0.890  1.025  58.917  57.250
160  0.890  1.021  58.889  56.750
161  0.891  1.017  59.139  56.250
162  0.890  1.024  58.833  56.500
163  0.888  1.032  58.833  57.000
164  0.889  1.039  59.056  57.250
165  0.889  1.033  59.000  57.750
166  0.887  1.029  59.083  57.750
167  0.887  1.031  59.417  57.000
168  0.888  1.014  59.222  55.750
169  0.889  1.015  59.111  56.250
170  0.887  1.027  59.111  56.000
171  0.888  1.025  59.167  56.250
172  0.887  1.032  59.139  56.250
173  0.886  1.028  59.056  56.500
174  0.888  1.017  59.361  57.000
175  0.887  1.032  59.583  56.500
176  0.887  1.018  59.556  56.500
177  0.889  1.015  58.833  57.000
178  0.886  1.028  59.333  56.000
179  0.886  1.020  59.028  56.250
180  0.889  1.017  59.167  56.500
181  0.887  1.021  59.028  56.750
182  0.887  1.021  59.111  57.000
183  0.887  1.041  59.361  56.500
184  0.886  1.024  58.944  56.500
185  0.889  1.011  58.861  57.000
186  0.887  1.012  59.056  55.250
187  0.887  1.014  59.250  56.500
188  0.888  1.022  58.972  57.000
189  0.887  1.022  59.222  56.500
190  0.887  1.020  59.500  57.000
191  0.887  1.040  59.333  56.500
192  0.887  1.018  59.111  57.000
193  0.888  1.037  59.333  56.750
194  0.887  1.019  59.056  56.750
195  0.886  1.014  59.306  56.750
196  0.885  1.013  59.056  56.250
197  0.886  1.031  58.917  55.750
198  0.885  1.029  59.333  55.750
199  0.885  1.019  59.167  56.500
200  0.887  1.014  59.111  56.250
201  0.886  1.018  59.222  56.500
202  0.888  1.020  58.611  57.500
203  0.888  1.016  59.417  56.250
204  0.887  1.019  59.389  56.000
205  0.888  1.009  58.917  55.500
206  0.886  1.023  59.361  55.500
207  0.887  1.015  59.028  56.000
208  0.886  1.027  59.083  55.500
209  0.885  1.024  59.278  56.250
210  0.887  1.014  59.500  57.000
211  0.886  1.009  59.028  55.000
212  0.887  1.019  59.028  56.250
213  0.885  1.021  59.361  56.500
214  0.885  1.009  58.917  55.750
215  0.886  1.011  59.083  56.750
216  0.886  1.022  59.278  56.000
217  0.884  1.014  59.250  57.250
218  0.887  1.007  59.111  56.750
219  0.887  1.014  59.250  56.250
220  0.886  1.015  59.194  56.250
221  0.887  1.018  59.167  56.250
222  0.885  1.018  59.472  56.500
223  0.886  1.007  59.000  56.250
224  0.889  1.013  59.028  56.750
225  0.887  1.018  59.278  57.250
226  0.887  1.020  58.722  57.000
227  0.887  1.012  59.111  56.750
228  0.887  1.026  58.861  55.750
229  0.885  1.028  59.167  55.750
230  0.885  1.012  59.194  56.500
231  0.885  1.012  59.389  57.000
232  0.886  1.014  58.861  56.750
233  0.885  1.010  59.306  57.000
234  0.886  1.008  59.222  57.000
235  0.887  1.010  59.500  56.750
236  0.886  1.024  59.083  56.750
237  0.883  1.011  59.361  56.500
238  0.884  1.009  59.056  56.750
239  0.886  1.008  59.528  57.250
240  0.885  1.017  59.472  56.000
241  0.885  1.010  58.861  56.750
242  0.885  1.010  59.056  56.500
243  0.885  1.015  59.083  57.000
244  0.884  1.019  59.306  56.500
245  0.884  1.014  59.083  57.000
246  0.885  1.018  59.389  56.000
247  0.883  1.013  59.583  56.000
248  0.884  1.009  59.444  56.750
249  0.885  1.015  59.444  56.500
250  0.884  1.010  59.417  56.500
251  0.886  1.011  59.083  57.000
252  0.886  1.008  59.167  56.250
253  0.884  1.012  59.611  57.000
254  0.887  1.013  58.944  57.500
255  0.884  1.011  59.472  57.000
256  0.886  1.019  59.250  56.750
257  0.885  1.011  59.389  57.250
258  0.886  1.009  59.056  57.250
259  0.885  1.012  59.139  57.750
260  0.886  1.017  59.139  57.500
261  0.887  1.011  59.056  56.500
262  0.888  1.016  59.056  55.750
263  0.884  1.010  58.944  58.000
264  0.884  1.011  59.278  57.500
265  0.886  1.012  59.194  57.750
266  0.887  1.032  58.778  58.000
267  0.889  1.004  58.972  57.000
268  0.881  1.002  59.333  57.250
269  0.883  1.006  59.167  58.500
270  0.883  1.013  59.111  57.500
271  0.882  1.007  59.028  58.000
272  0.881  1.005  59.000  58.250
273  0.883  1.014  58.917  57.500
274  0.880  1.006  58.639  57.250
275  0.881  1.012  58.722  56.500
276  0.880  1.008  58.861  57.250
277  0.883  1.018  58.528  56.750
278  0.881  1.018  58.694  56.000
279  0.880  1.003  58.611  56.500
280  0.882  1.003  58.917  56.250
281  0.883  1.011  58.833  57.750
282  0.880  1.013  59.028  57.000
283  0.879  1.000  59.028  56.250
284  0.882  1.000  58.861  56.000
285  0.881  1.002  58.694  55.500
286  0.880  1.004  58.694  57.000
287  0.881  1.005  58.750  57.000
288  0.880  1.004  58.917  56.250
289  0.882  1.010  59.056  56.500
290  0.878  1.011  59.472  57.500
291  0.879  1.026  59.278  56.750
292  0.878  1.020  59.194  56.500
293  0.879  1.022  59.278  57.500
294  0.878  1.006  59.222  57.000
295  0.881  1.007  59.000  56.250
296  0.879  1.018  59.556  57.000
297  0.878  1.016  59.000  56.750
298  0.877  1.007  59.111  55.250
299  0.879  1.013  58.778  56.000
300  0.876  1.012  59.194  56.500
301  0.875  1.005  59.167  58.000
302  0.876  1.023  59.583  56.500
303  0.875  1.024  59.361  56.250
304  0.878  1.019  59.389  56.750
305  0.876  1.015  59.389  56.750
306  0.877  1.016  59.250  56.500
307  0.875  1.022  59.278  55.250
308  0.874  1.018  59.611  55.750
309  0.876  1.014  59.444  56.750
310  0.876  1.019  59.361  55.750
311  0.875  1.025  59.417  55.250
312  0.877  1.014  59.639  56.000
313  0.878  1.030  59.028  55.750
314  0.876  1.011  59.389  55.750
315  0.875  1.011  59.694  57.000
316  0.875  1.009  59.556  56.000
317  0.875  1.026  59.722  55.500
318  0.873  1.016  59.583  56.250
319  0.877  1.016  59.500  57.000
320  0.876  1.024  59.556  56.500
321  0.877  1.026  59.667  56.000
322  0.874  1.017  59.583  55.500
323  0.877  1.022  59.333  56.000
324  0.873  1.018  59.833  56.500
325  0.874  1.015  60.000  55.500
326  0.873  1.024  59.778  56.250
327  0.873  1.012  59.917  56.500
328  0.876  1.015  59.444  56.000
329  0.873  1.036  59.917  55.750
330  0.873  1.017  60.028  56.250
331  0.875  1.044  59.778  56.250
332  0.874  1.017  59.500  56.750
333  0.875  1.043  59.833  56.000
334  0.876  1.027  59.611  56.750
335  0.875  1.015  59.333  55.500
336  0.875  1.019  59.778  55.750
337  0.876  1.009  59.667  57.000
338  0.875  1.043  59.917  56.250
339  0.880  1.006  59.139  57.000
340  0.877  1.066  59.556  56.250
341  0.882  1.009  59.167  56.500
342  0.874  1.054  59.750  56.000
343  0.884  1.020  58.861  57.750
344  0.873  1.054  59.833  56.000
345  0.872  1.018  59.778  57.000
346  0.874  1.033  59.972  57.750
347  0.872  1.039  59.861  57.000
348  0.877  1.012  59.472  56.500
349  0.873  1.009  59.472  56.750
350  0.873  1.036  59.972  56.500
351  0.872  1.037  59.500  57.750
352  0.873  1.035  59.778  56.750
353  0.874  1.036  59.861  56.250
354  0.877  1.032  59.361  56.500
355  0.876  1.005  60.056  56.750
356  0.874  1.034  59.778  57.000
357  0.873  1.026  59.833  55.500
358  0.874  1.045  59.917  56.250
359  0.872  1.020  59.833  56.750
360  0.873  1.046  59.778  56.000
361  0.881  1.012  59.500  57.000
362  0.871  1.029  59.778  56.500
363  0.872  1.038  59.667  56.750
364  0.879  1.006  59.528  56.750
365  0.873  1.018  59.556  56.750
366  0.871  1.022  59.750  57.500
367  0.873  1.041  59.444  55.750
368  0.878  1.018  59.500  57.000
369  0.874  1.026  59.889  57.250
370  0.872  1.037  59.833  57.000
371  0.873  1.034  59.806  57.250
372  0.871  1.016  59.917  57.500
373  0.873  1.018  59.694  57.000
374  0.872  1.022  59.861  56.000
375  0.874  1.035  60.028  57.500
376  0.873  1.010  59.806  56.750
377  0.873  1.008  59.694  57.000
378  0.871  1.033  60.028  57.000
379  0.871  1.020  59.917  57.000
380  0.871  1.012  59.917  57.500
381  0.870  1.039  59.833  57.250
382  0.871  1.033  59.806  55.750
383  0.878  1.021  59.639  55.750
384  0.873  1.029  59.722  57.250
385  0.871  1.025  59.806  57.500
386  0.872  1.043  59.667  56.250
387  0.870  1.027  59.667  57.500
388  0.870  1.023  59.917  57.500
389  0.868  1.015  60.167  57.750
390  0.871  1.017  60.139  57.250
391  0.870  1.018  60.139  58.000
392  0.870  1.032  59.861  57.250
393  0.869  1.026  60.111  57.000
394  0.870  1.029  59.944  57.500
395  0.868  1.021  60.083  57.750
396  0.872  1.024  59.917  56.750
397  0.869  1.031  59.528  57.000
398  0.879  1.003  59.722  56.500
399  0.868  1.026  59.917  57.250
400  0.869  1.034  59.889  57.000
401  0.871  1.030  60.111  57.250
402  0.870  1.028  59.667  57.500
403  0.868  1.033  59.944  57.500
404  0.869  1.026  59.667  56.750
405  0.871  1.030  59.833  57.250
406  0.869  1.027  59.944  57.000
407  0.870  1.038  59.750  57.500
408  0.870  1.029  60.167  56.750
409  0.868  1.028  60.778  56.500
410  0.866  1.027  60.583  57.000
411  0.870  1.031  60.472  56.750
412  0.872  1.030  60.167  57.500
413  0.869  1.036  60.333  56.250
414  0.867  1.025  60.139  57.250
415  0.870  1.033  59.972  57.500
416  0.867  1.015  60.417  56.000
417  0.869  1.026  59.972  57.000
418  0.867  1.030  60.083  57.000
419  0.869  1.030  59.917  57.500
420  0.866  1.033  60.306  57.000
421  0.867  1.029  59.944  57.250
422  0.869  1.029  60.250  56.750
423  0.865  1.033  60.583  57.000
424  0.870  1.032  60.278  57.250
425  0.867  1.033  59.861  57.000
426  0.867  1.029  60.083  57.000
427  0.869  1.032  60.139  56.750
428  0.868  1.028  60.333  56.750
429  0.867  1.024  60.194  57.750
430  0.867  1.031  60.444  57.000
431  0.864  1.030  60.139  57.250
432  0.866  1.032  60.250  57.000
433  0.868  1.018  60.556  57.500
434  0.865  1.034  60.889  57.000
435  0.875  1.016  59.917  57.000
436  0.865  1.023  60.056  57.250
437  0.868  1.027  60.194  56.750
438  0.869  1.034  59.972  57.000
439  0.872  1.009  60.056  57.250
440  0.865  1.025  60.750  56.250
441  0.865  1.025  60.472  57.750
442  0.867  1.029  60.528  56.500
443  0.867  1.025  60.333  57.000
444  0.864  1.025  60.639  57.500
445  0.867  1.039  60.778  57.000
446  0.868  1.023  59.722  57.500
447  0.867  1.023  60.444  57.250
448  0.866  1.030  60.389  57.250
449  0.866  1.024  60.639  56.750
450  0.864  1.031  60.472  57.250
451  0.868  1.023  60.333  57.250
452  0.866  1.028  60.111  56.750
453  0.868  1.027  59.972  57.000
454  0.863  1.029  60.583  57.500
455  0.866  1.027  60.361  57.000
456  0.865  1.031  60.250  57.250
457  0.865  1.031  60.444  58.500
458  0.868  1.024  60.639  57.000
459  0.863  1.025  60.611  57.250
460  0.869  1.044  60.250  57.000
461  0.868  1.023  60.139  56.750
462  0.863  1.015  60.389  56.750
463  0.865  1.018  60.333  57.500
464  0.862  1.033  60.694  57.250
465  0.865  1.024  60.333  57.250
466  0.863  1.031  60.639  56.750
467  0.870  1.042  60.194  57.500
468  0.869  1.031  60.000  56.750
469  0.864  1.036  60.361  58.000
470  0.865  1.038  60.028  57.250
471  0.865  1.024  60.222  57.250
472  0.867  1.037  60.556  57.750
473  0.865  1.034  60.472  57.000
474  0.865  1.035  60.139  56.500
475  0.864  1.030  60.528  57.000
476  0.861  1.040  60.389  57.250
477  0.865  1.029  60.278  57.000
478  0.865  1.014  60.194  55.750
479  0.863  1.027  60.278  56.750
480  0.864  1.040  60.611  57.000
481  0.863  1.026  60.389  56.750
482  0.865  1.049  60.306  57.000
483  0.865  1.038  60.139  57.000
484  0.867  1.020  59.972  57.000
485  0.862  1.030  60.806  56.750
486  0.866  1.033  60.056  57.250
487  0.867  1.029  60.056  57.750
488  0.865  1.030  60.472  57.750
489  0.861  1.042  60.361  57.750
490  0.865  1.031  60.333  57.500
491  0.863  1.036  60.556  57.500
492  0.861  1.044  60.528  57.250
493  0.862  1.043  60.389  57.500
494  0.875  1.025  59.306  57.000
495  0.864  1.031  60.611  58.000
496  0.861  1.042  60.417  56.750
497  0.865  1.033  60.444  58.000
498  0.861  1.043  60.306  57.500
499  0.865  1.036  60.389  58.250
500  0.862  1.040  60.167  57.000
501  0.863  1.036  60.417  57.500
502  0.862  1.043  60.417  56.750
503  0.867  1.029  60.250  58.000
504  0.861  1.033  60.139  56.000
505  0.861  1.038  60.500  57.500
506  0.861  1.052  60.306  58.250
507  0.865  1.033  60.167  58.000
508  0.861  1.041  60.333  57.000
509  0.868  1.033  60.472  57.250
510  0.863  1.037  60.639  58.000
511  0.861  1.055  60.111  56.250
512  0.870  1.022  60.000  57.250
513  0.860  1.043  60.528  57.500
514  0.865  1.041  60.278  57.250
515  0.860  1.038  60.056  56.250
516  0.867  1.040  60.278  57.000
517  0.861  1.040  60.472  57.250
518  0.863  1.030  60.444  58.000
519  0.861  1.044  60.444  57.500
520  0.869  1.024  60.139  58.250
521  0.861  1.046  60.167  57.500
522  0.862  1.051  60.306  57.500
523  0.863  1.051  60.306  58.000
524  0.861  1.046  60.278  58.750
525  0.863  1.046  60.611  58.000
526  0.865  1.025  60.028  57.500
527  0.861  1.037  60.639  58.250
528  0.860  1.050  60.361  57.500
529  0.862  1.052  60.611  57.250
530  0.863  1.046  60.528  59.000
531  0.860  1.053  60.250  57.000
532  0.860  1.045  60.583  58.000
533  0.866  1.029  60.361  57.250
534  0.867  1.031  60.111  58.000
535  0.875  1.008  59.889  57.250
536  0.870  1.029  60.111  58.000
537  0.863  1.041  59.972  58.000
538  0.863  1.038  60.556  58.250
539  0.862  1.031  60.694  58.250
540  0.860  1.052  60.556  57.250
541  0.865  1.051  60.222  58.750
542  0.861  1.046  60.500  57.750
543  0.863  1.038  60.250  57.500
544  0.862  1.048  60.444  59.000
545  0.873  1.029  59.889  57.750
546  0.862  1.038  60.694  58.500
547  0.859  1.047  60.333  58.250
548  0.861  1.042  60.611  58.750
549  0.859  1.047  60.417  58.000
550  0.865  1.027  60.333  56.500
551  0.861  1.036  60.722  58.500
552  0.859  1.044  60.389  57.000
553  0.863  1.036  60.139  56.500
554  0.862  1.039  60.722  58.250
555  0.860  1.043  60.611  58.250
556  0.874  1.022  59.694  57.750
557  0.862  1.037  60.806  59.000
558  0.863  1.050  60.778  58.250
559  0.861  1.053  60.889  57.500
560  0.873  1.014  59.500  56.750
561  0.866  1.029  60.306  57.750
562  0.861  1.045  60.694  58.500
563  0.870  1.019  59.972  56.500
564  0.861  1.035  60.417  58.000
565  0.862  1.037  60.639  57.750
566  0.860  1.039  60.667  58.250
567  0.861  1.037  60.972  58.750
568  0.859  1.043  60.500  58.250
569  0.860  1.034  61.111  58.250
570  0.860  1.027  60.972  59.250
571  0.859  1.041  60.778  59.000
572  0.862  1.055  60.722  59.250
573  0.864  1.072  60.611  58.000
574  0.867  1.042  60.083  58.500
575  0.859  1.044  60.389  58.250
576  0.860  1.047  60.361  59.250
577  0.859  1.056  60.528  58.500
578  0.860  1.052  60.694  58.500
579  0.859  1.048  60.611  58.750
580  0.862  1.050  60.500  57.500
581  0.860  1.060  60.861  58.000
582  0.861  1.058  60.139  58.500
583  0.870  1.034  59.667  58.250
584  0.861  1.051  60.333  59.000
585  0.859  1.057  60.472  58.750
586  0.859  1.054  60.389  58.500
587  0.861  1.056  60.222  58.250
588  0.861  1.052  60.417  58.750
589  0.860  1.052  60.667  58.500
590  0.858  1.048  60.611  58.750
591  0.862  1.044  60.694  58.500
592  0.858  1.064  60.500  58.250
593  0.860  1.058  60.667  58.250
594  0.862  1.052  60.583  57.500
595  0.858  1.054  60.389  58.000
596  0.861  1.072  60.417  58.000
597  0.860  1.063  60.639  58.250
598  0.860  1.059  60.750  59.000
599  0.860  1.066  60.611  58.750
600  0.859  1.058  60.278  57.750
601  0.860  1.066  60.667  58.500
602  0.858  1.064  60.361  57.500
603  0.865  1.071  60.139  58.000
604  0.860  1.073  60.278  58.250
605  0.860  1.070  60.056  58.750
606  0.862  1.060  60.361  57.750
607  0.859  1.070  59.972  58.750
608  0.859  1.059  60.167  57.750
609  0.860  1.084  60.417  57.750
610  0.864  1.057  60.333  57.500
611  0.860  1.070  60.028  58.250
612  0.858  1.061  60.250  58.000
613  0.860  1.081  60.472  57.250
614  0.858  1.076  60.000  58.000
615  0.859  1.081  60.556  58.000
616  0.858  1.072  60.333  56.250
617  0.863  1.054  60.611  57.000
618  0.857  1.068  60.194  58.000
619  0.862  1.084  60.389  57.250
620  0.874  1.063  59.556  57.000
621  0.859  1.082  60.333  58.000
622  0.859  1.074  60.500  57.500
623  0.860  1.090  60.444  57.000
624  0.863  1.067  60.278  57.250
625  0.859  1.096  60.750  57.000
626  0.859  1.104  60.361  56.500
627  0.861  1.078  60.222  57.750
628  0.863  1.089  59.889  56.500
629  0.862  1.076  60.556  57.000
630  0.860  1.078  60.583  58.000
631  0.860  1.099  60.833  57.250
632  0.859  1.095  60.361  57.500
633  0.858  1.087  60.667  57.500
634  0.862  1.089  60.444  57.000
635  0.859  1.093  60.139  57.250
636  0.858  1.090  60.861  58.250
637  0.865  1.083  60.444  56.250
638  0.860  1.081  60.444  57.750
639  0.858  1.098  60.778  57.750
640  0.866  1.095  60.528  57.750
641  0.859  1.085  60.556  57.500
642  0.859  1.081  60.833  57.750
643  0.860  1.091  60.583  56.750
644  0.858  1.082  60.222  57.500
645  0.864  1.094  60.389  56.500
646  0.858  1.094  60.528  57.750
647  0.859  1.091  60.278  57.250
648  0.859  1.103  60.528  57.000
649  0.862  1.068  60.417  57.500
650  0.858  1.088  60.333  57.500
651  0.859  1.110  60.306  56.000
652  0.861  1.114  60.694  57.750
653  0.862  1.077  60.194  56.250
654  0.862  1.093  59.972  56.500
655  0.859  1.100  60.222  57.500
656  0.857  1.087  60.583  57.000
657  0.860  1.107  60.806  57.500
658  0.857  1.092  60.611  57.500
659  0.859  1.099  60.694  57.000
660  0.857  1.088  60.472  57.250
661  0.856  1.090  60.444  57.250
662  0.856  1.086  60.333  57.500
663  0.857  1.096  60.528  57.500
664  0.861  1.108  60.278  57.000
665  0.865  1.102  60.278  56.750
666  0.858  1.100  60.417  57.000
667  0.858  1.102  60.639  57.250
668  0.862  1.101  60.333  56.000
669  0.861  1.103  60.389  56.500
670  0.863  1.094  60.472  57.000
671  0.860  1.099  60.194  57.250
672  0.860  1.101  60.694  56.750
673  0.860  1.093  60.583  57.500
674  0.860  1.095  60.333  57.250
675  0.856  1.101  60.389  57.000
676  0.859  1.131  60.556  58.000
677  0.859  1.102  60.639  56.750
678  0.860  1.094  60.583  57.500
679  0.858  1.110  60.861  57.500
680  0.860  1.126  60.667  57.500
681  0.857  1.084  60.583  56.750
682  0.856  1.102  60.611  56.750
683  0.857  1.101  60.667  56.000
684  0.861  1.082  60.222  56.750
685  0.856  1.110  60.361  57.000
686  0.858  1.094  60.583  56.750
687  0.860  1.141  60.556  56.750
688  0.860  1.108  60.806  56.250
689  0.858  1.109  60.806  56.750
690  0.859  1.104  60.556  57.000
691  0.858  1.101  60.167  57.000
692  0.859  1.102  60.889  56.500
693  0.860  1.097  60.417  57.000
694  0.857  1.109  60.611  57.000
695  0.856  1.102  60.389  57.000
696  0.855  1.104  60.611  56.750
697  0.860  1.133  60.528  57.000
698  0.858  1.095  60.806  57.500
699  0.859  1.095  60.750  57.750
700  0.860  1.127  60.583  57.750
701  0.856  1.117  60.694  56.750
702  0.857  1.109  60.611  57.250
703  0.856  1.107  60.750  56.750
704  0.857  1.116  60.611  57.000
705  0.856  1.105  60.500  58.000
706  0.857  1.133  60.472  57.250
707  0.859  1.098  60.639  57.750
708  0.857  1.101  60.611  57.750
709  0.857  1.114  60.806  57.250
710  0.860  1.130  60.472  58.000
711  0.857  1.124  60.722  56.750
712  0.861  1.116  60.611  57.250
713  0.861  1.134  60.361  57.000
714  0.860  1.113  60.611  56.500
715  0.860  1.135  60.444  57.000
716  0.857  1.120  60.472  56.250
717  0.858  1.142  60.389  56.500
718  0.855  1.128  60.639  57.000
719  0.858  1.109  60.667  56.750
720  0.859  1.108  60.778  57.000
721  0.861  1.104  60.611  56.750
722  0.859  1.114  60.278  56.250
723  0.855  1.125  60.417  56.250
724  0.857  1.146  60.472  57.000
725  0.855  1.110  60.667  57.000
726  0.857  1.113  60.278  57.000
727  0.857  1.108  60.667  56.750
728  0.857  1.142  60.889  57.000
729  0.855  1.122  60.500  56.250
730  0.856  1.099  60.250  56.750
731  0.855  1.109  60.778  57.000
732  0.858  1.117  60.528  57.750
733  0.857  1.124  60.722  56.750
734  0.856  1.138  60.917  56.750
735  0.858  1.132  60.472  57.250
736  0.859  1.120  60.500  57.000
737  0.859  1.160  60.389  56.500
738  0.860  1.144  60.556  56.750
739  0.859  1.140  60.667  56.750
740  0.861  1.127  60.139  57.000
741  0.861  1.121  60.194  57.000
742  0.859  1.115  60.556  56.500
743  0.861  1.113  60.444  56.500
744  0.859  1.135  60.389  56.500
745  0.858  1.126  60.306  57.000
746  0.858  1.127  60.194  57.000
747  0.857  1.138  60.417  57.000
748  0.859  1.158  60.333  56.250
749  0.859  1.125  60.556  56.750
750  0.858  1.142  60.611  56.250
751  0.857  1.130  60.806  56.500
752  0.858  1.185  60.472  55.750
753  0.858  1.157  60.528  57.000
754  0.857  1.162  60.333  56.750
755  0.857  1.140  60.528  56.250
756  0.858  1.152  60.361  56.250
757  0.857  1.148  60.528  56.500
758  0.856  1.107  60.500  58.000
759  0.858  1.112  60.333  56.750
760  0.857  1.116  60.556  57.000
761  0.858  1.109  60.278  58.000
762  0.857  1.114  60.667  58.000
763  0.856  1.130  60.139  58.000
764  0.856  1.098  60.556  57.750
765  0.856  1.115  60.528  57.250
766  0.855  1.126  60.500  57.250
767  0.856  1.115  60.444  57.250
768  0.857  1.118  60.528  58.000
769  0.856  1.117  60.583  57.000
770  0.858  1.130  60.333  58.000
771  0.855  1.106  60.667  57.750
772  0.858  1.106  60.417  58.250
773  0.856  1.123  60.833  57.500
774  0.857  1.114  60.361  57.250
775  0.855  1.123  60.889  57.250
776  0.855  1.151  60.778  57.000
777  0.856  1.124  60.722  57.250
778  0.856  1.121  60.389  57.250
779  0.855  1.101  60.583  57.750
780  0.855  1.112  60.861  57.500
781  0.853  1.128  60.778  56.500
782  0.854  1.118  60.611  57.750
783  0.858  1.126  60.583  57.500
784  0.856  1.117  60.528  57.500
785  0.855  1.109  60.806  58.500
786  0.854  1.105  60.778  57.250
787  0.857  1.106  60.639  58.000
788  0.856  1.126  61.028  57.500
789  0.855  1.107  60.806  56.750
790  0.853  1.122  60.806  57.000
791  0.856  1.131  60.750  56.500
792  0.858  1.131  60.750  57.250
793  0.854  1.128  60.750  57.000
794  0.853  1.122  61.028  56.750
795  0.853  1.112  61.222  57.250
796  0.856  1.114  60.889  57.000
797  0.855  1.134  60.583  57.500
798  0.853  1.110  60.917  57.250
799  0.853  1.104  60.667  57.500
800  0.853  1.114  60.722  56.750
801  0.853  1.105  60.889  57.250
802  0.854  1.131  60.694  57.000
803  0.852  1.112  60.944  56.750
804  0.851  1.110  61.056  57.000
805  0.857  1.135  60.972  57.500
806  0.855  1.116  60.806  56.750
807  0.855  1.127  60.833  56.500
808  0.854  1.121  60.917  56.750
809  0.854  1.130  61.194  56.500
810  0.853  1.119  60.944  56.250
811  0.852  1.113  61.028  56.500
812  0.853  1.117  60.806  56.000
813  0.852  1.116  61.111  57.250
814  0.857  1.117  60.694  57.250
815  0.852  1.125  60.917  56.750
816  0.854  1.121  61.083  56.500
817  0.853  1.108  60.889  56.000
818  0.854  1.122  60.722  56.750
819  0.854  1.122  60.806  56.750
820  0.854  1.109  60.889  57.500
821  0.855  1.118  60.833  57.000
822  0.852  1.106  61.139  57.250
823  0.855  1.119  60.667  56.000
824  0.852  1.099  60.972  57.250
825  0.854  1.108  60.722  56.750
826  0.851  1.101  60.972  56.750
827  0.856  1.125  60.944  57.000
828  0.853  1.105  60.778  57.250
829  0.855  1.117  60.556  57.000
830  0.851  1.101  60.722  57.250
831  0.852  1.109  60.944  56.750
832  0.854  1.125  60.722  57.250
833  0.851  1.094  61.194  56.750
834  0.851  1.107  60.778  57.000
835  0.856  1.121  60.722  57.000
836  0.852  1.100  61.194  56.000
837  0.851  1.103  60.694  56.500
838  0.850  1.100  61.111  56.000
839  0.850  1.099  60.972  56.000
840  0.853  1.126  60.417  57.000
841  0.853  1.113  60.972  56.750
842  0.853  1.099  60.889  56.000
843  0.855  1.103  60.778  56.500
844  0.851  1.085  60.750  55.750
845  0.851  1.108  60.917  56.000
846  0.851  1.084  61.111  55.750
847  0.853  1.109  61.111  56.000
848  0.853  1.123  60.639  57.250
849  0.851  1.110  60.694  56.250
850  0.851  1.112  60.861  57.000
851  0.851  1.109  60.778  56.250
852  0.852  1.136  60.722  56.000
853  0.851  1.087  61.083  57.000
854  0.850  1.114  60.972  56.750
855  0.858  1.121  60.639  57.000
856  0.851  1.098  61.167  56.500
857  0.850  1.106  60.833  56.250
858  0.853  1.116  60.528  56.750
859  0.852  1.108  60.944  56.750
860  0.852  1.102  61.167  56.750
861  0.857  1.116  60.806  56.000
862  0.853  1.092  61.000  56.500
863  0.851  1.100  61.028  56.500
864  0.852  1.097  60.833  56.000
865  0.852  1.112  60.556  56.500
866  0.850  1.080  61.083  57.000
867  0.858  1.101  60.444  56.500
868  0.855  1.101  61.028  57.000
869  0.852  1.094  61.139  56.500
870  0.857  1.099  61.000  57.000
871  0.852  1.093  60.944  57.000
872  0.856  1.098  60.806  56.250
873  0.855  1.105  60.722  57.250
874  0.851  1.090  61.083  56.500
875  0.854  1.110  60.750  56.750
876  0.851  1.077  61.222  56.500
877  0.855  1.100  60.944  57.000
878  0.853  1.108  60.583  57.000
879  0.851  1.090  60.889  56.250
880  0.850  1.089  61.306  56.750
881  0.852  1.087  60.972  57.000
882  0.852  1.086  60.944  57.000
883  0.850  1.093  61.028  56.250
884  0.853  1.125  60.806  57.000
885  0.850  1.083  61.250  57.250
886  0.849  1.103  61.056  56.250
887  0.852  1.125  60.861  56.750
888  0.852  1.095  61.361  56.500
889  0.851  1.081  61.222  57.000
890  0.855  1.111  60.556  57.000
891  0.851  1.094  61.028  56.750
892  0.850  1.092  60.889  57.000
893  0.852  1.119  60.778  56.500
894  0.850  1.082  61.167  57.000
895  0.851  1.081  60.944  56.000
896  0.850  1.079  61.139  57.250
897  0.850  1.091  61.028  57.500
898  0.849  1.092  60.944  57.750
899  0.853  1.107  60.944  56.500
900  0.852  1.114  60.556  57.250
901  0.855  1.109  60.861  57.500
902  0.853  1.103  60.778  57.500
903  0.853  1.098  60.750  57.250
904  0.851  1.074  60.917  58.000
905  0.851  1.137  60.472  57.250
906  0.850  1.061  61.139  59.250
907  0.850  1.070  61.111  57.250
908  0.849  1.088  61.028  56.500
909  0.852  1.095  60.750  57.000
910  0.848  1.087  61.361  57.000
911  0.851  1.095  60.778  57.750
912  0.849  1.086  61.111  57.250
913  0.851  1.089  61.056  56.500
914  0.850  1.091  60.889  57.750
915  0.850  1.091  61.528  57.250
916  0.850  1.087  60.917  57.250
917  0.854  1.132  60.639  57.000
918  0.849  1.076  61.333  56.750
919  0.856  1.102  60.806  57.750
920  0.852  1.091  61.278  57.000
921  0.851  1.096  61.083  56.750
922  0.855  1.099  60.611  57.750
923  0.852  1.110  60.944  57.000
924  0.853  1.104  60.944  57.500
925  0.850  1.096  61.028  58.000
926  0.852  1.101  60.833  58.500
927  0.850  1.125  60.806  57.750
928  0.854  1.109  60.528  57.750
929  0.849  1.094  61.111  57.500
930  0.854  1.091  60.972  57.500
931  0.849  1.089  61.194  57.750
932  0.853  1.087  61.000  58.000
933  0.853  1.092  61.000  58.750
934  0.854  1.132  60.944  57.000
935  0.853  1.093  61.139  57.750
936  0.852  1.085  61.083  57.750
937  0.852  1.087  60.889  57.500
938  0.850  1.090  61.222  57.000
939  0.852  1.084  61.000  57.750
940  0.851  1.092  61.028  57.750
941  0.852  1.090  60.917  57.750
942  0.852  1.086  61.028  57.250
943  0.851  1.084  60.944  57.750
944  0.851  1.089  61.028  57.500
945  0.849  1.098  61.139  58.000
946  0.851  1.092  60.917  57.750
947  0.852  1.090  61.028  57.250
948  0.852  1.092  61.000  57.500
949  0.851  1.092  61.111  57.500
950  0.849  1.092  61.056  58.000
951  0.853  1.120  60.694  58.250
952  0.852  1.085  61.167  58.250
953  0.851  1.119  61.000  57.250
954  0.851  1.103  61.167  57.500
955  0.851  1.095  61.083  58.000
956  0.851  1.098  60.861  58.000
957  0.852  1.091  61.028  58.000
958  0.851  1.095  61.000  57.750
959  0.849  1.097  61.083  58.000
960  0.851  1.099  60.944  58.250
961  0.851  1.093  60.972  58.500
962  0.851  1.104  60.972  59.250
963  0.851  1.092  61.028  58.000
964  0.851  1.093  60.889  58.000
965  0.848  1.092  61.361  57.500
966  0.850  1.101  60.944  57.750
967  0.853  1.093  60.861  57.500
968  0.851  1.104  60.861  58.000
969  0.852  1.091  60.833  58.000
970  0.851  1.094  60.778  58.000
971  0.852  1.097  60.778  58.250
972  0.851  1.093  60.972  57.750
973  0.848  1.087  60.861  57.750
974  0.851  1.095  60.944  58.500
975  0.852  1.087  60.861  58.250
976  0.852  1.090  61.028  58.250
977  0.852  1.093  60.833  58.250
978  0.851  1.083  60.833  58.250
979  0.850  1.090  60.917  57.250
980  0.850  1.093  60.750  58.250
981  0.852  1.087  60.972  57.750
982  0.852  1.092  60.556  58.250
983  0.852  1.081  60.778  57.750
984  0.852  1.091  60.917  58.000
985  0.850  1.079  60.944  57.500
986  0.852  1.088  60.861  58.250
987  0.851  1.091  60.694  57.000
988  0.850  1.095  60.861  57.500
989  0.852  1.077  60.778  57.750
990  0.851  1.084  60.500  57.500
991  0.849  1.081  60.917  57.000
992  0.852  1.084  60.861  57.750
993  0.851  1.092  60.750  57.750
994  0.850  1.087  60.750  58.000
995  0.850  1.091  60.944  57.250
996  0.851  1.083  60.722  57.500
997  0.850  1.083  60.639  57.500
998  0.851  1.076  60.778  57.500
999  0.849  1.082  61.139  57.500
1000  0.851  1.082  60.917  57.250
