1  1.891  1.938  32.333  32.250
2  1.659  1.695  35.250  34.500
3  1.593  1.625  36.111  32.250
4  1.533  1.515  36.944  36.250
5  1.452  1.508  37.444  37.000
6  1.385  1.402  38.167  40.500
7  1.325  1.406  39.778  39.000
8  1.318  1.345  39.417  39.500
9  1.289  1.394  39.639  36.250
10  1.276  1.415  40.306  34.000
11  1.269  1.386  40.750  36.750
12  1.235  1.362  42.472  38.500
13  1.137  1.292  46.472  38.500
14  1.100  1.195  49.778  45.250
15  1.044  1.203  51.611  46.250
16  1.017  1.259  51.833  43.250
17  1.011  1.157  52.444  50.250
18  0.995  1.147  53.000  54.250
19  0.975  1.164  54.139  50.500
20  0.987  1.123  53.556  52.000
21  0.964  1.102  54.944  51.000
22  0.975  1.104  54.694  51.000
23  0.949  1.132  55.778  51.250
24  0.939  1.065  56.333  51.500
25  0.956  1.097  54.667  53.750
26  0.941  1.149  55.528  49.500
27  0.948  1.119  55.444  53.500
28  0.927  1.128  56.778  48.750
29  0.938  1.143  54.972  50.250
30  0.940  1.102  56.222  51.750
31  0.937  1.070  55.611  51.500
32  0.932  1.150  56.861  53.500
33  0.926  1.135  55.833  52.750
34  0.929  1.081  56.278  54.250
35  0.924  1.113  57.250  53.500
36  0.924  1.125  56.611  52.500
37  0.916  1.100  57.556  54.000
38  0.905  1.128  56.889  52.750
39  0.893  1.177  57.972  51.750
40  0.904  1.169  56.833  53.750
41  0.921  1.131  57.000  48.500
42  0.922  1.123  57.028  51.750
43  0.904  1.095  57.944  53.500
44  0.898  1.070  58.000  54.000
45  0.895  1.165  57.667  52.500
46  0.902  1.122  57.972  50.500
47  0.884  1.130  57.861  51.500
48  0.883  1.182  58.556  50.500
49  0.888  1.126  58.806  50.500
50  0.885  1.199  58.417  50.000
51  0.872  1.147  58.583  54.750
52  0.868  1.091  59.139  54.750
53  0.872  1.177  58.972  51.250
54  0.874  1.187  59.944  54.500
55  0.884  1.202  58.417  51.750
56  0.878  1.114  58.833  49.750
57  0.880  1.163  59.528  51.000
58  0.857  1.235  60.194  53.000
59  0.856  1.245  60.389  49.750
60  0.849  1.199  60.250  53.000
61  0.826  1.246  61.722  54.000
62  0.824  1.280  61.611  53.000
63  0.844  1.271  60.194  54.000
64  0.868  1.265  59.528  53.500
65  0.836  1.203  61.361  52.750
66  0.834  1.304  60.556  50.750
67  0.806  1.209  62.750  52.750
68  0.790  1.299  63.000  53.500
69  0.803  1.315  63.333  49.750
70  0.794  1.353  62.972  53.750
71  0.782  1.380  63.111  49.750
72  0.765  1.433  64.417  51.250
73  0.810  1.439  62.806  52.000
74  0.768  1.478  64.528  51.250
75  0.749  1.577  64.611  48.250
76  0.727  1.597  66.111  48.750
77  0.739  1.599  65.278  49.750
78  0.716  1.606  66.250  49.250
79  0.716  1.576  66.028  50.500
80  0.707  1.753  66.167  44.750
81  0.712  1.658  66.028  48.000
82  0.690  1.792  67.389  48.750
83  0.666  1.978  68.389  49.750
84  0.701  1.855  68.250  50.750
85  0.671  1.882  68.972  51.750
86  0.662  2.004  68.500  47.250
87  0.637  2.033  70.889  47.000
88  0.582  2.210  73.278  50.750
89  0.613  2.257  71.583  50.500
90  0.611  2.121  72.472  47.750
91  0.656  1.972  69.861  49.000
92  0.570  2.475  74.083  47.250
93  0.555  2.269  74.167  53.750
94  0.528  2.633  74.611  50.250
95  0.547  2.218  75.833  50.250
96  0.512  2.331  76.806  53.500
97  0.511  2.437  77.250  50.750
98  0.494  2.932  77.417  53.250
99  0.464  2.590  79.028  52.500
100  0.462  2.841  78.833  49.000
101  0.414  3.356  82.083  49.250
102  0.423  3.018  81.833  50.500
103  0.420  3.222  81.500  50.750
104  0.394  3.056  83.333  52.500
105  0.407  3.177  82.917  50.500
106  0.372  3.431  84.611  55.250
107  0.361  3.627  85.167  53.250
108  0.326  3.319  86.722  50.500
109  0.320  3.156  87.000  52.250
110  0.293  4.017  88.389  49.000
111  0.359  3.581  84.417  49.500
112  0.306  3.909  87.556  49.750
113  0.310  3.463  87.639  52.500
114  0.281  3.676  88.778  51.000
115  0.260  4.382  90.083  49.500
116  0.276  3.948  89.611  50.250
117  0.248  4.286  90.611  49.500
118  0.218  4.515  91.694  48.500
119  0.234  4.783  91.194  50.750
120  0.259  4.400  90.833  48.250
121  0.233  4.612  91.750  48.750
122  0.204  4.681  92.389  50.750
123  0.214  4.278  91.583  53.500
124  0.230  4.543  92.000  49.250
125  0.167  5.166  93.889  51.250
126  0.212  4.798  92.222  50.500
127  0.197  4.575  93.111  48.500
128  0.155  5.239  94.917  50.750
129  0.123  5.519  95.778  51.500
130  0.170  5.048  94.056  51.500
131  0.125  5.765  95.417  49.250
132  0.138  5.488  95.250  53.750
133  0.167  5.616  94.028  47.500
134  0.141  5.819  95.167  47.750
135  0.196  5.158  93.806  47.500
136  0.117  6.180  95.972  47.750
137  0.163  5.368  94.667  49.750
138  0.153  5.495  95.333  50.500
139  0.141  6.000  95.444  48.500
140  0.109  5.961  96.306  48.000
141  0.153  5.266  94.917  49.250
142  0.079  6.686  97.250  48.000
143  0.103  5.821  96.278  52.500
144  0.129  6.572  95.889  45.500
145  0.114  6.233  96.000  47.000
146  0.125  6.384  95.889  49.250
147  0.150  6.075  95.444  46.250
148  0.116  5.996  96.250  49.250
149  0.092  6.511  96.972  49.500
150  0.124  6.676  95.639  48.250
151  0.131  5.882  95.778  51.250
152  0.088  7.230  96.778  49.000
153  0.092  6.858  97.028  47.500
154  0.117  6.343  96.583  47.250
155  0.141  5.858  95.250  47.250
156  0.055  7.390  98.333  47.500
157  0.082  7.230  97.667  49.750
158  0.181  5.854  94.444  52.250
159  0.076  7.085  97.611  51.750
160  0.069  6.899  97.583  50.250
161  0.039  7.891  98.694  50.750
162  0.089  6.932  97.500  49.500
163  0.086  7.357  97.556  47.000
164  0.068  7.115  98.028  51.250
165  0.111  6.689  96.722  52.000
166  0.086  7.141  97.528  50.500
167  0.074  6.964  97.278  51.250
168  0.072  7.394  97.694  48.750
169  0.069  7.641  98.056  47.000
170  0.118  6.525  96.417  50.000
171  0.080  6.187  97.333  50.500
172  0.100  6.653  97.278  51.000
173  0.060  6.453  98.278  49.000
174  0.106  6.410  96.944  51.750
175  0.142  6.427  95.361  50.250
176  0.075  6.767  97.778  49.750
177  0.067  7.745  98.000  46.000
178  0.074  6.563  98.000  50.750
179  0.104  5.654  96.500  52.250
180  0.081  6.573  97.306  51.500
181  0.099  6.827  97.250  50.750
182  0.092  6.882  97.556  51.250
183  0.051  6.769  98.750  49.500
184  0.042  7.123  98.500  49.750
185  0.037  7.648  98.861  52.750
186  0.093  6.880  97.028  52.000
187  0.084  7.142  97.361  47.750
188  0.078  6.735  97.778  49.250
189  0.098  7.241  96.889  47.500
190  0.059  7.529  97.778  49.750
191  0.064  7.428  98.333  48.750
192  0.083  6.954  97.889  52.500
193  0.043  7.818  98.722  50.500
194  0.074  7.762  97.833  45.250
195  0.054  8.157  98.389  48.500
196  0.060  7.612  98.139  49.750
197  0.048  7.956  98.806  48.250
198  0.058  8.235  98.361  49.250
199  0.088  6.503  97.389  49.750
200  0.043  7.677  98.444  46.750
