1  1.778  1.463  33.917  31.750
2  1.400  1.414  38.611  34.250
3  1.387  1.408  38.083  31.500
4  1.321  1.407  39.361  33.500
5  1.288  1.383  39.500  34.750
6  1.279  1.367  40.778  35.500
7  1.269  1.353  40.889  36.000
8  1.263  1.391  41.694  33.000
9  1.257  1.355  41.861  33.750
10  1.247  1.355  42.333  36.500
11  1.246  1.321  41.833  37.750
12  1.207  1.287  45.278  41.000
13  1.063  1.174  50.306  48.250
14  1.000  1.141  53.056  50.000
15  0.963  1.152  55.056  49.250
16  0.943  1.112  56.472  48.500
17  0.950  1.138  54.889  49.500
18  0.934  1.128  56.750  49.500
19  0.917  1.111  57.083  49.500
20  0.922  1.121  57.139  50.500
21  0.904  1.111  57.056  50.250
22  0.910  1.117  57.111  49.250
23  0.891  1.110  57.667  50.250
24  0.883  1.126  58.333  49.750
25  0.877  1.100  58.361  51.250
26  0.872  1.128  59.333  51.000
27  0.868  1.142  58.750  51.000
28  0.857  1.138  59.417  52.000
29  0.859  1.167  58.972  49.750
30  0.859  1.159  59.000  49.750
31  0.844  1.203  59.806  46.500
32  0.838  1.204  60.306  49.750
33  0.833  1.198  60.472  50.000
34  0.842  1.153  59.944  52.250
35  0.826  1.182  60.722  50.250
36  0.822  1.194  60.556  50.000
37  0.813  1.244  61.444  51.500
38  0.816  1.245  61.250  47.750
39  0.798  1.344  62.583  47.750
40  0.830  1.207  61.139  48.500
41  0.799  1.306  61.667  48.750
42  0.779  1.364  63.000  46.000
43  0.769  1.433  63.194  46.000
44  0.758  1.387  64.056  46.250
45  0.772  1.422  64.111  47.250
46  0.755  1.438  65.278  47.250
47  0.731  1.475  64.583  47.500
48  0.727  1.522  65.806  48.250
49  0.722  1.433  66.222  48.250
50  0.710  1.568  66.611  49.000
51  0.706  1.527  67.333  47.750
52  0.684  1.592  67.972  47.000
53  0.654  1.722  69.667  45.000
54  0.635  2.105  70.639  43.250
55  0.630  1.790  71.250  45.500
56  0.632  1.909  70.556  43.500
57  0.631  1.912  72.222  43.250
58  0.660  1.862  71.167  42.000
59  0.604  2.003  72.722  42.750
60  0.573  2.010  74.750  46.500
61  0.540  2.332  76.000  42.750
62  0.537  2.471  77.056  41.750
63  0.487  2.627  78.500  43.250
64  0.473  2.743  79.833  42.750
65  0.480  2.889  79.083  43.500
66  0.437  3.093  82.167  42.250
67  0.415  3.065  82.667  46.250
68  0.431  2.688  82.139  47.750
69  0.374  3.371  84.806  44.250
70  0.360  3.180  85.111  43.500
71  0.347  3.456  85.722  44.250
72  0.346  3.463  86.694  47.250
73  0.304  3.644  87.722  45.000
74  0.352  3.227  86.639  46.500
75  0.276  3.290  88.889  44.750
76  0.265  3.746  89.833  44.000
77  0.285  3.884  89.139  44.000
78  0.289  3.476  89.028  49.750
79  0.231  4.110  91.333  47.500
80  0.178  4.279  92.361  48.000
81  0.198  4.478  92.139  43.000
82  0.229  4.218  92.028  43.000
83  0.168  4.309  93.889  46.750
84  0.191  4.331  93.389  47.250
85  0.190  4.301  93.306  48.250
86  0.161  4.290  94.083  50.000
87  0.158  4.483  94.222  49.000
88  0.122  4.298  96.167  46.750
89  0.115  4.926  96.389  46.000
90  0.155  4.470  94.778  48.250
91  0.119  5.084  96.028  45.250
92  0.121  4.875  95.306  45.500
93  0.193  4.711  93.556  45.250
94  0.165  4.593  94.333  44.750
95  0.123  4.189  96.083  48.500
96  0.113  4.765  96.472  47.250
97  0.086  5.247  97.306  45.250
98  0.059  4.971  98.056  47.500
99  0.061  5.508  98.111  47.750
100  0.073  5.110  97.389  48.750
101  0.097  5.664  96.944  42.000
102  0.168  4.973  94.333  46.000
103  0.133  5.123  95.750  50.750
104  0.115  5.560  96.500  44.750
105  0.074  5.077  97.611  48.000
106  0.082  5.456  97.528  46.250
107  0.114  5.475  96.889  46.000
108  0.072  5.521  97.917  47.000
109  0.096  5.475  96.417  47.250
110  0.075  5.675  97.667  47.000
111  0.086  5.901  97.167  47.750
112  0.064  6.055  98.000  45.750
113  0.045  5.929  98.444  47.500
114  0.097  5.779  96.778  47.750
115  0.123  5.464  96.056  43.250
116  0.086  5.023  97.194  48.000
117  0.058  5.800  98.194  46.500
118  0.050  5.669  98.444  49.250
119  0.045  6.151  98.500  45.000
120  0.092  5.503  97.306  50.500
121  0.123  6.044  96.111  44.500
122  0.071  5.747  97.750  46.750
123  0.064  5.908  98.389  44.500
124  0.076  5.788  97.583  46.500
125  0.152  5.936  95.833  42.500
126  0.161  5.622  95.083  45.250
127  0.074  5.016  97.472  52.250
128  0.056  5.549  98.917  49.500
129  0.031  5.651  99.222  47.250
130  0.016  6.035  99.667  46.250
131  0.005  6.026  99.944  48.250
132  0.003  6.101  99.972  47.750
133  0.002  6.219  99.917  47.500
134  0.001  6.276  99.972  47.000
135  0.001  6.293  100.000  48.000
136  0.000  6.318  100.000  48.500
137  0.000  6.345  100.000  48.000
138  0.000  6.369  100.000  48.000
139  0.000  6.399  100.000  48.000
140  0.000  6.420  100.000  48.000
141  0.000  6.447  100.000  47.750
142  0.000  6.469  100.000  47.500
143  0.000  6.493  100.000  47.000
144  0.000  6.511  100.000  47.000
145  0.000  6.534  100.000  47.000
146  0.000  6.553  100.000  46.750
147  0.000  6.575  100.000  46.500
148  0.000  6.593  100.000  46.750
149  0.000  6.611  100.000  46.750
150  0.000  6.626  100.000  46.750
