1  1.355  1.331  36.444  40.250
2  1.347  1.331  37.278  40.250
3  1.349  1.339  37.139  40.250
4  1.349  1.333  37.056  40.250
5  1.349  1.329  37.083  40.250
6  1.349  1.329  37.083  40.250
7  1.349  1.328  37.083  40.250
8  1.349  1.328  37.083  40.250
9  1.349  1.328  37.083  40.250
10  1.349  1.328  37.083  40.250
11  1.349  1.328  37.083  40.250
12  1.349  1.327  37.083  40.250
13  1.349  1.328  37.083  40.250
14  1.349  1.328  37.083  40.250
15  1.349  1.328  37.083  40.250
16  1.349  1.327  37.083  40.250
17  1.349  1.327  37.083  40.250
18  1.349  1.327  37.083  40.250
19  1.349  1.327  37.083  40.250
20  1.349  1.327  37.083  40.250
21  1.349  1.327  37.083  40.250
22  1.349  1.327  37.083  40.250
23  1.349  1.327  37.083  40.250
24  1.349  1.327  37.083  40.250
25  1.349  1.327  37.083  40.250
26  1.349  1.327  37.083  40.250
27  1.349  1.327  37.083  40.250
28  1.349  1.327  37.083  40.250
29  1.349  1.327  37.083  40.250
30  1.349  1.327  37.083  40.250
31  1.349  1.327  37.083  40.250
32  1.349  1.327  37.083  40.250
33  1.349  1.327  37.083  40.250
34  1.349  1.327  37.083  40.250
35  1.349  1.327  37.083  40.250
36  1.349  1.327  37.083  40.250
37  1.349  1.327  37.083  40.250
38  1.349  1.327  37.083  40.250
39  1.349  1.327  37.083  40.250
40  1.349  1.327  37.083  40.250
41  1.349  1.327  37.083  40.250
42  1.349  1.327  37.083  40.250
43  1.349  1.327  37.083  40.250
44  1.349  1.327  37.083  40.250
45  1.349  1.327  37.083  40.250
46  1.349  1.327  37.083  40.250
47  1.349  1.327  37.083  40.250
48  1.349  1.327  37.083  40.250
49  1.349  1.327  37.083  40.250
50  1.349  1.327  37.083  40.250
51  1.349  1.327  37.083  40.250
52  1.349  1.327  37.083  40.250
53  1.349  1.327  37.083  40.250
54  1.349  1.327  37.083  40.250
55  1.349  1.327  37.083  40.250
56  1.349  1.327  37.083  40.250
57  1.349  1.327  37.083  40.250
58  1.349  1.327  37.083  40.250
59  1.349  1.327  37.083  40.250
60  1.349  1.327  37.083  40.250
61  1.349  1.327  37.083  40.250
62  1.349  1.327  37.083  40.250
63  1.349  1.327  37.083  40.250
64  1.349  1.327  37.083  40.250
65  1.349  1.327  37.083  40.250
66  1.349  1.327  37.083  40.250
67  1.349  1.327  37.083  40.250
68  1.349  1.327  37.083  40.250
69  1.349  1.327  37.083  40.250
70  1.349  1.327  37.083  40.250
71  1.349  1.327  37.083  40.250
72  1.349  1.327  37.083  40.250
73  1.349  1.327  37.083  40.250
74  1.349  1.327  37.083  40.250
75  1.349  1.327  37.083  40.250
76  1.349  1.327  37.083  40.250
77  1.349  1.327  37.083  40.250
78  1.349  1.327  37.083  40.250
79  1.349  1.327  37.083  40.250
80  1.349  1.327  37.083  40.250
81  1.349  1.327  37.083  40.250
82  1.349  1.327  37.083  40.250
83  1.349  1.327  37.083  40.250
84  1.349  1.327  37.083  40.250
85  1.349  1.327  37.083  40.250
86  1.349  1.327  37.083  40.250
87  1.349  1.327  37.083  40.250
88  1.349  1.327  37.083  40.250
89  1.349  1.327  37.083  40.250
90  1.349  1.327  37.083  40.250
91  1.349  1.327  37.083  40.250
92  1.349  1.327  37.083  40.250
93  1.349  1.327  37.083  40.250
94  1.349  1.327  37.083  40.250
95  1.349  1.327  37.083  40.250
96  1.349  1.327  37.083  40.250
97  1.349  1.327  37.083  40.250
98  1.349  1.327  37.083  40.250
99  1.349  1.327  37.083  40.250
100  1.349  1.327  37.083  40.250
101  1.349  1.327  37.083  40.250
102  1.349  1.327  37.083  40.250
103  1.349  1.327  37.083  40.250
104  1.349  1.327  37.083  40.250
105  1.349  1.327  37.083  40.250
106  1.349  1.327  37.083  40.250
107  1.349  1.327  37.083  40.250
108  1.349  1.327  37.083  40.250
109  1.349  1.327  37.083  40.250
110  1.349  1.327  37.083  40.250
111  1.349  1.327  37.083  40.250
112  1.349  1.327  37.083  40.250
113  1.349  1.327  37.083  40.250
114  1.349  1.327  37.083  40.250
115  1.349  1.327  37.083  40.250
116  1.349  1.327  37.083  40.250
117  1.349  1.327  37.083  40.250
118  1.349  1.327  37.083  40.250
119  1.349  1.327  37.083  40.250
120  1.349  1.327  37.083  40.250
121  1.349  1.327  37.083  40.250
122  1.349  1.327  37.083  40.250
123  1.349  1.327  37.083  40.250
124  1.349  1.327  37.083  40.250
125  1.349  1.327  37.083  40.250
126  1.349  1.327  37.083  40.250
127  1.349  1.327  37.083  40.250
128  1.349  1.327  37.083  40.250
129  1.349  1.327  37.083  40.250
130  1.349  1.327  37.083  40.250
131  1.349  1.327  37.083  40.250
132  1.349  1.327  37.083  40.250
133  1.349  1.327  37.083  40.250
134  1.349  1.327  37.083  40.250
135  1.349  1.327  37.083  40.250
136  1.349  1.327  37.083  40.250
137  1.349  1.327  37.083  40.250
138  1.349  1.327  37.083  40.250
139  1.349  1.327  37.083  40.250
140  1.349  1.327  37.083  40.250
141  1.349  1.327  37.083  40.250
142  1.349  1.327  37.083  40.250
143  1.349  1.327  37.083  40.250
144  1.349  1.327  37.083  40.250
145  1.349  1.327  37.083  40.250
146  1.349  1.327  37.083  40.250
147  1.349  1.327  37.083  40.250
148  1.349  1.327  37.083  40.250
149  1.349  1.327  37.083  40.250
150  1.349  1.327  37.083  40.250
151  1.349  1.327  37.083  40.250
152  1.349  1.327  37.083  40.250
153  1.349  1.327  37.083  40.250
154  1.349  1.327  37.083  40.250
155  1.349  1.327  37.083  40.250
156  1.349  1.327  37.083  40.250
157  1.349  1.327  37.083  40.250
158  1.349  1.327  37.083  40.250
159  1.349  1.327  37.083  40.250
160  1.349  1.327  37.083  40.250
161  1.349  1.327  37.083  40.250
162  1.349  1.327  37.083  40.250
163  1.349  1.327  37.083  40.250
164  1.349  1.327  37.083  40.250
165  1.349  1.327  37.083  40.250
166  1.349  1.327  37.083  40.250
167  1.349  1.327  37.083  40.250
168  1.349  1.327  37.083  40.250
169  1.349  1.327  37.083  40.250
170  1.349  1.327  37.083  40.250
171  1.349  1.327  37.083  40.250
172  1.349  1.327  37.083  40.250
173  1.349  1.327  37.083  40.250
174  1.349  1.327  37.083  40.250
175  1.349  1.327  37.083  40.250
176  1.349  1.327  37.083  40.250
177  1.349  1.327  37.083  40.250
178  1.349  1.327  37.083  40.250
179  1.349  1.327  37.083  40.250
180  1.349  1.327  37.083  40.250
181  1.349  1.327  37.083  40.250
182  1.349  1.327  37.083  40.250
183  1.349  1.327  37.083  40.250
184  1.349  1.327  37.083  40.250
185  1.349  1.327  37.083  40.250
186  1.349  1.327  37.083  40.250
187  1.349  1.327  37.083  40.250
188  1.349  1.327  37.083  40.250
189  1.349  1.327  37.083  40.250
190  1.349  1.327  37.083  40.250
191  1.349  1.327  37.083  40.250
192  1.349  1.327  37.083  40.250
193  1.349  1.327  37.083  40.250
194  1.349  1.327  37.083  40.250
195  1.349  1.327  37.083  40.250
196  1.349  1.327  37.083  40.250
197  1.349  1.327  37.083  40.250
198  1.349  1.327  37.083  40.250
199  1.349  1.327  37.083  40.250
200  1.349  1.327  37.083  40.250
201  1.349  1.327  37.083  40.250
202  1.349  1.327  37.083  40.250
203  1.349  1.327  37.083  40.250
204  1.349  1.327  37.083  40.250
205  1.349  1.327  37.083  40.250
206  1.349  1.327  37.083  40.250
207  1.349  1.327  37.083  40.250
208  1.349  1.327  37.083  40.250
209  1.349  1.327  37.083  40.250
210  1.349  1.327  37.083  40.250
211  1.349  1.327  37.083  40.250
212  1.349  1.327  37.083  40.250
213  1.349  1.327  37.083  40.250
214  1.349  1.327  37.083  40.250
215  1.349  1.327  37.083  40.250
216  1.349  1.327  37.083  40.250
217  1.349  1.327  37.083  40.250
218  1.349  1.327  37.083  40.250
219  1.349  1.327  37.083  40.250
220  1.349  1.327  37.083  40.250
221  1.349  1.327  37.083  40.250
222  1.349  1.327  37.083  40.250
223  1.349  1.327  37.083  40.250
224  1.349  1.327  37.083  40.250
225  1.349  1.327  37.083  40.250
226  1.349  1.327  37.083  40.250
227  1.349  1.327  37.083  40.250
228  1.349  1.327  37.083  40.250
229  1.349  1.327  37.083  40.250
230  1.349  1.327  37.083  40.250
231  1.349  1.327  37.083  40.250
232  1.349  1.327  37.083  40.250
233  1.349  1.327  37.083  40.250
234  1.349  1.327  37.083  40.250
235  1.349  1.327  37.083  40.250
236  1.349  1.327  37.083  40.250
237  1.349  1.327  37.083  40.250
238  1.349  1.327  37.083  40.250
239  1.349  1.327  37.083  40.250
240  1.349  1.327  37.083  40.250
241  1.349  1.327  37.083  40.250
242  1.349  1.327  37.083  40.250
243  1.349  1.327  37.083  40.250
244  1.349  1.327  37.083  40.250
245  1.349  1.327  37.083  40.250
246  1.349  1.327  37.083  40.250
247  1.349  1.327  37.083  40.250
248  1.349  1.327  37.083  40.250
249  1.349  1.327  37.083  40.250
250  1.349  1.327  37.083  40.250
251  1.349  1.327  37.083  40.250
252  1.349  1.327  37.083  40.250
253  1.349  1.327  37.083  40.250
254  1.349  1.327  37.083  40.250
255  1.349  1.327  37.083  40.250
256  1.349  1.327  37.083  40.250
257  1.349  1.327  37.083  40.250
258  1.349  1.327  37.083  40.250
259  1.349  1.327  37.083  40.250
260  1.349  1.327  37.083  40.250
261  1.349  1.327  37.083  40.250
262  1.349  1.327  37.083  40.250
263  1.349  1.327  37.083  40.250
264  1.349  1.327  37.083  40.250
265  1.349  1.327  37.083  40.250
266  1.349  1.327  37.083  40.250
267  1.349  1.327  37.083  40.250
268  1.349  1.327  37.083  40.250
269  1.349  1.327  37.083  40.250
270  1.349  1.327  37.083  40.250
271  1.349  1.327  37.083  40.250
272  1.349  1.327  37.083  40.250
273  1.349  1.327  37.083  40.250
274  1.349  1.327  37.083  40.250
275  1.349  1.327  37.083  40.250
276  1.349  1.327  37.083  40.250
277  1.349  1.327  37.083  40.250
278  1.349  1.327  37.083  40.250
279  1.349  1.327  37.083  40.250
280  1.349  1.327  37.083  40.250
281  1.349  1.327  37.083  40.250
282  1.349  1.327  37.083  40.250
283  1.349  1.327  37.083  40.250
284  1.349  1.327  37.083  40.250
285  1.349  1.327  37.083  40.250
286  1.349  1.327  37.083  40.250
287  1.349  1.327  37.083  40.250
288  1.349  1.327  37.083  40.250
289  1.349  1.327  37.083  40.250
290  1.349  1.327  37.083  40.250
291  1.349  1.327  37.083  40.250
292  1.349  1.327  37.083  40.250
293  1.349  1.327  37.083  40.250
294  1.349  1.327  37.083  40.250
295  1.349  1.327  37.083  40.250
296  1.349  1.327  37.083  40.250
297  1.349  1.327  37.083  40.250
298  1.349  1.327  37.083  40.250
299  1.349  1.327  37.083  40.250
300  1.349  1.327  37.083  40.250
301  1.349  1.327  37.083  40.250
302  1.349  1.327  37.083  40.250
303  1.349  1.327  37.083  40.250
304  1.349  1.327  37.083  40.250
305  1.349  1.327  37.083  40.250
306  1.349  1.327  37.083  40.250
307  1.349  1.327  37.083  40.250
308  1.349  1.327  37.083  40.250
309  1.349  1.327  37.083  40.250
310  1.349  1.327  37.083  40.250
311  1.349  1.327  37.083  40.250
312  1.349  1.327  37.083  40.250
313  1.349  1.327  37.083  40.250
314  1.349  1.327  37.083  40.250
315  1.349  1.327  37.083  40.250
316  1.349  1.327  37.083  40.250
317  1.349  1.327  37.083  40.250
318  1.349  1.327  37.083  40.250
319  1.349  1.327  37.083  40.250
320  1.349  1.327  37.083  40.250
321  1.349  1.327  37.083  40.250
322  1.349  1.327  37.083  40.250
323  1.349  1.327  37.083  40.250
324  1.349  1.327  37.083  40.250
325  1.349  1.327  37.083  40.250
326  1.349  1.327  37.083  40.250
327  1.349  1.327  37.083  40.250
328  1.349  1.327  37.083  40.250
329  1.349  1.327  37.083  40.250
330  1.349  1.327  37.083  40.250
331  1.349  1.327  37.083  40.250
332  1.349  1.327  37.083  40.250
333  1.349  1.327  37.083  40.250
334  1.349  1.327  37.083  40.250
335  1.349  1.327  37.083  40.250
336  1.349  1.327  37.083  40.250
337  1.349  1.327  37.083  40.250
338  1.349  1.327  37.083  40.250
339  1.349  1.327  37.083  40.250
340  1.349  1.327  37.083  40.250
341  1.349  1.327  37.083  40.250
342  1.349  1.327  37.083  40.250
343  1.349  1.327  37.083  40.250
344  1.349  1.327  37.083  40.250
345  1.349  1.327  37.083  40.250
346  1.349  1.327  37.083  40.250
347  1.349  1.327  37.083  40.250
348  1.349  1.327  37.083  40.250
349  1.349  1.327  37.083  40.250
350  1.349  1.327  37.083  40.250
351  1.349  1.327  37.083  40.250
352  1.349  1.327  37.083  40.250
353  1.349  1.327  37.083  40.250
354  1.349  1.327  37.083  40.250
355  1.349  1.327  37.083  40.250
356  1.349  1.327  37.083  40.250
357  1.349  1.327  37.083  40.250
358  1.349  1.327  37.083  40.250
359  1.349  1.327  37.083  40.250
360  1.349  1.327  37.083  40.250
361  1.349  1.327  37.083  40.250
362  1.349  1.327  37.083  40.250
363  1.349  1.327  37.083  40.250
364  1.349  1.327  37.083  40.250
365  1.349  1.327  37.083  40.250
366  1.349  1.327  37.083  40.250
367  1.349  1.327  37.083  40.250
368  1.349  1.327  37.083  40.250
369  1.349  1.327  37.083  40.250
370  1.349  1.327  37.083  40.250
371  1.349  1.327  37.083  40.250
372  1.349  1.327  37.083  40.250
373  1.349  1.327  37.083  40.250
374  1.349  1.327  37.083  40.250
375  1.349  1.327  37.083  40.250
376  1.349  1.327  37.083  40.250
377  1.349  1.327  37.083  40.250
378  1.349  1.327  37.083  40.250
379  1.349  1.327  37.083  40.250
380  1.349  1.327  37.083  40.250
381  1.349  1.327  37.083  40.250
382  1.349  1.327  37.083  40.250
383  1.349  1.327  37.083  40.250
384  1.349  1.327  37.083  40.250
385  1.349  1.327  37.083  40.250
386  1.349  1.327  37.083  40.250
387  1.349  1.327  37.083  40.250
388  1.349  1.327  37.083  40.250
389  1.349  1.327  37.083  40.250
390  1.349  1.327  37.083  40.250
391  1.349  1.327  37.083  40.250
392  1.349  1.327  37.083  40.250
393  1.349  1.327  37.083  40.250
394  1.349  1.327  37.083  40.250
395  1.349  1.327  37.083  40.250
396  1.349  1.327  37.083  40.250
397  1.349  1.327  37.083  40.250
398  1.349  1.327  37.083  40.250
399  1.349  1.327  37.083  40.250
400  1.349  1.327  37.083  40.250
