1  1.735  2.177  33.389  30.250
2  1.481  1.351  35.139  39.500
3  1.388  1.345  37.667  41.500
4  1.337  1.335  38.111  40.000
5  1.315  1.278  38.861  43.250
6  1.302  1.294  39.306  41.000
7  1.292  1.299  39.778  36.000
8  1.277  1.330  39.722  40.250
9  1.261  1.251  41.306  38.750
10  1.254  1.281  41.333  40.000
11  1.255  1.264  40.611  39.750
12  1.238  4.739  41.639  23.750
13  1.103  1.130  47.750  49.250
14  0.981  1.411  53.833  37.750
15  0.958  1.112  53.806  47.750
16  0.943  1.291  55.000  44.000
17  0.931  1.485  55.667  42.500
18  0.921  1.787  55.667  35.250
19  0.913  1.305  57.278  44.250
20  0.912  1.010  56.528  53.000
21  0.908  1.175  57.361  50.250
22  0.896  1.196  56.639  49.250
23  0.890  1.099  57.056  54.250
24  0.888  1.236  57.361  48.750
25  0.883  1.457  57.528  44.000
26  0.887  0.973  57.444  54.750
27  0.871  1.555  57.861  40.500
28  0.868  1.287  57.444  46.000
29  0.860  1.081  58.556  54.750
30  0.858  1.633  58.167  42.750
31  0.876  1.065  58.250  54.250
32  0.861  0.943  58.667  55.750
33  0.848  0.982  59.083  55.750
34  0.849  0.901  58.833  56.500
35  0.840  1.025  59.472  51.000
36  0.831  1.404  59.944  45.750
37  0.845  3.492  59.194  25.500
38  0.841  0.988  58.917  54.500
39  0.822  1.623  61.083  38.750
40  0.818  1.346  60.944  42.750
41  0.813  0.964  61.361  53.500
42  0.808  0.915  61.139  58.500
43  0.799  2.548  62.194  30.000
44  0.803  1.077  61.306  53.250
45  0.799  3.494  62.500  24.250
46  0.795  1.582  62.472  49.250
47  0.792  0.970  61.833  56.250
48  0.790  2.489  62.556  37.250
49  0.789  1.134  62.250  52.500
50  0.785  0.915  62.750  58.250
51  0.772  1.138  63.694  49.000
52  0.761  1.234  64.139  54.500
53  0.750  1.330  64.528  46.000
54  0.746  1.172  64.694  50.000
55  0.729  1.919  65.889  30.750
56  0.722  2.300  66.972  28.500
57  0.725  0.958  66.167  54.250
58  0.708  1.644  67.833  43.750
59  0.695  1.537  67.778  43.250
60  0.675  1.742  69.806  40.500
61  0.654  1.671  70.083  42.250
62  0.694  1.349  68.167  46.750
63  0.655  1.080  70.278  55.250
64  0.640  1.268  70.806  55.000
65  0.646  1.833  70.306  47.000
66  0.627  1.170  72.000  54.000
67  0.937  0.933  59.028  58.500
68  0.785  2.316  63.556  34.250
69  0.663  1.688  71.194  51.250
70  0.613  2.499  72.694  45.000
71  0.585  1.075  74.722  53.000
72  0.555  1.467  76.472  51.250
73  0.549  2.313  76.778  45.000
74  0.551  3.066  76.111  43.000
75  0.499  2.337  78.611  46.250
76  0.495  3.345  79.139  38.000
77  0.497  3.624  78.667  42.750
78  0.489  2.250  79.139  41.500
79  0.489  2.108  79.167  43.000
80  0.454  5.289  80.222  34.250
81  0.445  1.928  81.361  51.500
82  0.388  1.830  83.722  50.500
83  0.382  1.300  83.972  55.500
84  0.349  1.797  85.528  50.750
85  0.365  3.867  85.556  44.500
86  0.376  1.692  85.278  51.500
87  0.286  2.281  88.639  52.000
88  0.305  1.776  87.194  50.000
89  0.284  1.378  88.972  55.750
90  0.242  1.729  90.583  62.000
91  0.270  1.584  89.472  59.500
92  0.232  1.895  91.333  54.750
93  0.206  2.116  91.694  55.000
94  0.228  1.604  91.556  59.000
95  0.244  2.138  90.611  54.000
96  0.210  1.657  92.444  60.500
97  0.189  1.831  93.444  58.750
98  0.165  3.022  94.250  47.500
99  0.169  3.761  93.639  50.250
100  0.129  2.260  95.500  54.750
101  0.116  2.453  95.806  53.250
102  0.145  2.341  95.028  52.000
103  0.219  2.737  92.472  48.750
104  0.145  2.856  94.806  51.750
105  0.111  2.371  96.361  57.250
106  0.090  6.771  96.833  40.250
107  0.104  5.120  96.194  44.500
108  0.134  2.273  95.639  60.000
109  0.115  3.413  96.417  49.000
110  0.094  2.927  96.694  49.250
111  0.116  2.460  95.972  58.500
112  0.104  2.222  96.806  57.000
113  0.085  12.872  97.139  31.750
114  0.107  6.577  97.167  33.750
115  0.134  2.000  95.611  60.500
116  0.163  3.466  95.056  49.000
117  0.149  3.417  95.083  48.500
118  0.106  3.240  96.389  47.250
119  0.052  1.850  98.528  62.250
120  0.069  2.556  97.889  56.000
121  0.093  21.797  97.139  30.250
122  0.211  3.566  93.472  48.000
123  0.089  2.275  96.694  57.000
124  0.050  1.875  98.611  62.000
125  0.033  1.951  99.111  63.000
126  0.023  2.545  99.444  56.750
127  0.024  2.127  99.500  63.000
128  0.035  2.240  98.861  61.500
129  0.062  2.445  97.944  57.750
130  0.097  2.608  97.139  57.500
131  0.101  2.374  96.556  62.750
132  0.132  3.928  96.222  44.250
133  0.105  2.506  96.750  58.250
134  0.063  2.394  97.944  55.250
135  0.057  2.241  98.000  60.250
136  0.064  1.788  98.000  66.250
137  0.034  2.477  98.944  58.250
138  0.020  2.067  99.583  61.250
139  0.046  2.542  98.972  57.750
140  0.146  2.865  95.667  52.500
141  0.113  4.030  96.139  43.500
142  0.082  2.193  97.750  61.000
143  0.072  1.936  98.028  59.250
144  0.049  2.167  98.333  60.000
145  0.049  3.189  98.639  54.750
146  0.045  2.018  98.722  62.500
147  0.040  2.001  98.806  59.500
148  0.052  2.148  98.528  61.750
149  0.061  2.430  97.972  58.000
150  0.106  2.579  97.250  57.500
151  0.103  3.787  96.917  51.250
152  0.083  2.057  97.250  61.750
153  0.091  3.175  96.917  52.000
154  0.078  2.252  97.944  57.500
155  0.030  2.199  99.111  58.750
156  0.011  2.121  99.750  64.500
157  0.007  2.177  99.833  61.500
158  0.014  2.540  99.583  60.500
159  0.024  2.612  99.472  59.500
160  0.045  2.294  98.861  60.750
161  0.101  5.751  97.111  41.250
162  0.164  2.775  94.528  53.000
163  0.135  3.677  95.806  49.000
164  0.071  2.337  97.722  57.750
165  0.031  2.942  98.861  54.000
166  0.015  2.304  99.611  58.500
167  0.026  2.826  99.472  58.250
168  0.050  5.692  98.583  43.000
169  0.056  2.403  98.417  59.750
170  0.033  2.097  99.111  63.000
171  0.017  2.943  99.583  58.500
172  0.045  3.186  98.917  56.250
173  0.055  2.097  98.222  61.250
174  0.087  4.272  96.806  49.250
175  0.105  2.266  96.611  63.500
176  0.086  3.887  97.472  46.750
177  0.054  1.999  98.389  63.500
178  0.049  2.399  98.389  61.500
179  0.098  2.399  96.889  60.500
180  0.036  2.496  98.889  57.750
181  0.011  2.302  99.722  62.500
182  0.008  2.438  99.722  61.500
183  0.006  2.659  99.833  59.000
184  0.007  2.216  99.861  62.750
185  0.014  2.532  99.583  59.000
186  0.023  2.253  99.333  62.750
187  0.243  2.365  93.056  56.250
188  0.139  2.174  95.472  62.250
189  0.080  3.097  97.444  53.000
190  0.062  2.187  98.194  60.000
191  0.034  2.754  99.000  56.250
192  0.066  3.423  98.306  49.500
193  0.057  2.478  98.194  58.000
194  0.043  2.008  98.972  61.000
195  0.021  2.748  99.500  60.000
196  0.013  2.222  99.750  59.750
197  0.014  2.289  99.556  58.500
198  0.090  3.100  97.611  58.000
199  0.103  3.744  96.778  47.250
200  0.067  3.133  98.056  58.000
