1  1.724  1.465  32.028  34.250
2  1.486  1.360  34.889  36.250
3  1.471  1.435  34.972  35.750
4  1.441  1.325  35.028  37.000
5  1.405  1.309  36.833  36.500
6  1.376  1.821  38.889  35.500
7  1.377  1.495  37.750  40.500
8  1.329  1.310  39.861  40.750
9  1.311  1.322  39.194  40.000
10  1.289  1.267  40.056  39.000
11  1.281  1.262  40.000  36.000
12  1.263  1.312  41.667  37.250
13  1.260  1.350  41.861  36.750
14  1.252  1.315  42.056  35.750
15  1.246  1.288  42.611  38.500
16  1.250  1.380  42.444  37.500
17  1.250  1.272  42.722  35.750
18  1.247  1.225  41.833  40.750
19  1.241  1.213  43.222  43.000
20  1.238  1.222  43.250  39.500
21  1.237  1.220  43.389  44.000
22  1.227  1.252  43.722  36.750
23  1.233  1.268  43.667  38.250
24  1.226  1.247  44.333  39.000
25  1.219  1.242  44.028  39.750
26  1.211  1.264  44.750  36.000
27  1.207  1.261  45.167  39.250
28  1.205  1.250  44.250  41.250
29  1.198  1.286  45.167  36.500
30  1.209  1.298  44.222  38.500
31  1.202  1.318  44.000  35.750
32  1.198  1.301  45.250  35.000
33  1.196  1.291  44.972  37.000
34  1.200  1.241  44.972  42.000
35  1.182  1.231  45.306  44.000
36  1.170  1.283  46.028  42.500
37  1.172  1.272  46.167  39.500
38  1.170  1.304  46.306  42.750
39  1.173  1.298  45.972  40.500
40  1.195  1.285  44.417  37.750
41  1.180  1.287  44.750  38.750
42  1.161  1.271  46.056  41.250
43  1.153  1.247  46.556  43.750
44  1.151  1.251  46.111  40.250
45  1.158  1.217  45.389  44.000
46  1.169  1.204  45.389  42.500
47  1.172  1.226  45.861  43.250
48  1.161  1.201  45.278  47.500
49  1.164  1.199  45.361  44.250
50  1.152  1.196  46.444  43.750
51  1.144  1.224  47.361  40.000
52  1.138  1.234  47.222  43.000
53  1.132  1.267  47.361  42.000
54  1.145  1.273  46.222  37.500
55  1.141  1.221  47.111  39.500
56  1.111  1.229  48.500  42.750
57  1.103  1.207  48.917  43.000
58  1.125  1.199  48.028  43.250
59  1.126  1.183  48.167  43.250
60  1.115  1.210  48.000  44.000
61  1.095  1.298  48.806  40.250
62  1.092  1.361  49.306  40.250
63  1.079  1.389  50.000  37.000
64  1.082  1.448  50.556  33.750
65  1.081  1.320  50.306  45.750
66  1.087  1.270  50.278  37.250
67  1.096  1.353  49.583  43.500
68  1.111  1.367  49.139  43.250
69  1.137  1.336  48.389  40.500
70  1.101  1.294  49.139  42.500
71  1.075  1.346  50.694  39.750
72  1.069  1.359  51.694  35.750
73  1.087  1.239  50.056  42.000
74  1.120  1.246  49.583  42.500
75  1.070  1.252  50.694  44.000
76  1.036  1.247  52.139  45.750
77  1.044  1.245  51.944  43.000
78  1.039  1.275  52.861  42.750
79  1.015  1.280  53.167  44.500
80  1.031  1.294  52.944  40.250
81  1.034  1.405  53.083  41.000
82  1.037  1.314  53.389  43.250
83  1.031  1.273  53.278  47.250
84  1.045  1.298  53.028  43.000
85  1.012  1.404  54.278  36.000
86  0.987  1.275  56.639  46.500
87  0.997  1.300  55.750  43.750
88  0.996  1.337  55.417  43.000
89  0.982  1.321  56.556  40.250
90  0.978  1.356  56.750  40.750
91  0.972  1.351  55.889  35.750
92  1.006  1.392  55.056  36.250
93  1.005  1.297  54.889  39.250
94  0.978  1.300  56.500  43.250
95  0.972  1.348  56.500  42.750
96  0.952  1.398  57.583  36.750
97  0.929  1.334  58.944  42.500
98  0.944  1.295  58.667  44.500
99  0.973  1.417  57.750  43.000
100  0.946  1.366  59.306  39.500
101  0.932  1.295  59.556  46.000
102  0.900  1.363  59.194  42.000
103  0.895  1.306  60.806  45.750
104  0.948  1.301  58.250  42.250
105  0.920  1.411  59.333  41.250
106  0.891  1.470  60.944  39.500
107  0.911  1.388  60.083  39.750
108  0.940  1.245  58.778  41.250
109  0.928  1.345  58.611  40.750
110  0.876  1.496  61.583  41.500
111  0.884  1.399  61.806  42.500
112  0.857  1.334  62.778  39.750
113  0.851  1.569  62.917  40.000
114  0.838  1.514  64.389  37.000
115  0.829  1.517  63.889  38.000
116  0.828  1.481  63.528  42.000
117  0.832  1.528  63.500  31.750
118  0.815  1.710  64.639  37.750
119  0.816  1.790  65.111  35.250
120  0.843  1.806  63.361  32.250
121  0.863  1.673  62.278  40.250
122  0.874  1.728  62.361  37.250
123  0.967  1.420  57.861  38.250
124  0.959  1.459  58.722  41.250
125  0.839  1.456  64.861  39.750
126  0.788  1.277  65.972  46.750
127  0.788  1.451  65.083  43.500
128  0.775  1.585  66.139  38.750
129  0.757  1.748  67.556  38.500
130  0.731  1.937  68.194  40.250
131  0.736  1.991  67.861  35.750
132  0.731  1.767  68.528  35.000
133  0.709  2.036  69.500  33.500
134  0.751  1.814  67.556  30.750
135  0.752  1.615  67.028  37.000
136  0.737  1.766  68.694  41.000
137  0.776  1.745  65.889  38.000
138  0.790  1.769  66.889  34.750
139  0.787  1.550  66.083  40.500
140  0.748  1.638  67.583  40.500
141  0.736  1.739  68.000  40.000
142  0.764  1.787  66.500  40.750
143  0.742  1.622  68.056  38.500
144  0.765  1.875  66.361  39.000
145  0.764  1.583  67.222  39.250
146  0.756  1.583  67.083  39.000
147  0.709  1.728  70.000  36.750
148  0.703  1.557  69.972  44.000
149  0.701  1.397  70.778  41.750
150  0.687  1.551  70.778  41.000
151  0.669  1.640  71.167  38.250
152  0.654  1.381  71.972  43.500
153  0.665  1.620  70.167  44.500
154  0.693  1.643  70.500  37.750
155  0.638  1.843  72.889  36.250
156  0.624  1.841  73.556  38.500
157  0.633  2.069  72.611  40.250
158  0.649  1.903  71.861  41.000
159  0.630  2.056  72.417  35.000
160  0.633  2.496  73.472  37.250
161  0.627  2.568  73.056  36.500
162  0.639  2.013  72.778  34.750
163  0.606  1.953  73.278  36.250
164  0.576  2.056  74.750  41.250
165  0.576  2.112  75.333  37.000
166  0.563  1.951  75.778  39.250
167  0.568  2.210  75.722  34.750
168  0.537  1.822  76.556  38.250
169  0.543  2.017  76.333  37.250
170  0.552  2.204  75.500  36.000
171  0.529  2.387  76.972  34.750
172  0.539  1.951  76.028  40.250
173  0.591  1.885  74.944  40.500
174  0.577  1.719  75.611  37.250
175  0.527  1.867  77.806  38.250
176  0.476  1.725  79.361  40.750
177  0.485  1.676  79.000  42.500
178  0.471  1.781  79.111  38.250
179  0.447  1.821  81.167  43.250
180  0.483  1.855  78.611  37.250
181  0.478  1.757  78.694  45.500
182  0.455  1.737  80.611  45.250
183  0.438  1.890  81.167  44.500
184  0.418  1.752  81.889  37.500
185  0.420  1.857  81.472  42.000
186  0.415  1.804  81.667  43.250
187  0.401  1.724  81.889  41.000
188  0.389  1.941  82.472  39.000
189  0.398  1.839  82.389  45.000
190  0.426  1.755  81.500  44.500
191  0.396  1.748  82.000  45.250
192  0.382  1.950  82.611  44.250
193  0.382  1.978  82.889  39.500
194  0.393  1.984  82.167  43.000
195  0.392  2.258  82.667  38.000
196  0.403  1.909  81.722  45.000
197  0.386  2.082  82.222  43.250
198  0.382  1.901  83.194  43.250
199  0.371  2.065  83.722  39.250
200  0.368  1.990  82.944  42.250
