1  1.350  1.340  37.083  38.750
2  1.342  1.322  37.444  38.500
3  1.338  1.332  37.667  38.500
4  1.333  1.337  37.500  38.500
5  1.347  1.337  37.472  38.500
6  1.346  1.318  36.944  38.750
7  1.336  1.334  37.639  38.500
8  1.342  1.336  37.750  38.500
9  1.343  1.332  37.556  38.500
10  1.341  1.328  37.667  38.500
11  1.333  1.332  37.500  38.250
12  1.339  1.335  37.861  38.500
13  1.339  1.335  37.694  38.750
14  1.337  1.332  37.917  37.750
15  1.337  1.330  37.778  38.250
16  1.337  1.334  37.722  37.750
17  1.334  1.334  37.944  38.500
18  1.335  1.329  37.361  38.500
19  1.338  1.327  37.778  38.750
20  1.333  1.335  37.333  37.750
21  1.336  1.329  37.667  38.000
22  1.336  1.329  37.722  38.500
23  1.336  1.327  37.889  37.750
24  1.335  1.329  37.861  38.000
25  1.333  1.328  37.611  38.250
26  1.331  1.329  37.972  38.000
27  1.331  1.324  37.833  38.500
28  1.331  1.329  37.806  38.250
29  1.333  1.328  37.556  37.500
30  1.332  1.334  38.278  38.000
31  1.334  1.322  37.722  38.500
32  1.332  1.376  37.361  34.500
33  1.350  1.336  37.306  38.750
34  1.335  1.324  37.722  38.500
35  1.332  1.334  38.083  38.000
36  1.333  1.331  37.806  37.750
37  1.331  1.326  37.944  38.000
38  1.330  1.333  38.250  37.500
39  1.331  1.325  38.417  37.500
40  1.330  1.323  38.778  38.250
41  1.330  1.325  38.778  38.500
42  1.328  1.327  39.361  39.250
43  1.328  1.334  39.333  37.750
44  1.329  1.320  39.611  38.750
45  1.333  1.333  38.917  37.750
46  1.330  1.325  39.278  39.750
47  1.325  1.324  39.861  38.750
48  1.326  1.322  39.722  39.250
49  1.326  1.321  39.833  39.500
50  1.327  1.319  39.611  39.250
51  1.327  1.323  39.667  39.250
52  1.323  1.325  39.972  38.500
53  1.327  1.321  39.694  39.250
54  1.326  1.327  39.722  39.250
55  1.325  1.317  39.778  39.250
56  1.323  1.324  39.639  38.750
57  1.326  1.328  39.639  38.750
58  1.327  1.323  39.500  39.750
59  1.337  1.329  38.833  39.250
60  1.340  1.330  38.556  39.000
61  1.338  1.330  38.833  39.250
62  1.337  1.329  38.833  39.000
63  1.338  1.327  38.694  39.500
64  1.338  1.328  38.833  39.250
65  1.336  1.328  38.972  39.500
66  1.338  1.328  38.806  39.750
67  1.337  1.329  38.833  39.500
68  1.341  1.337  38.389  38.000
69  1.345  1.334  37.361  38.250
70  1.344  1.328  37.278  39.250
71  1.337  1.320  38.639  39.500
72  1.329  1.329  38.722  39.500
73  1.326  1.318  38.833  39.500
74  1.329  1.319  38.722  39.500
75  1.328  1.325  38.806  39.250
76  1.329  1.318  38.806  39.500
77  1.330  1.325  38.778  39.250
78  1.327  1.322  38.778  39.500
79  1.328  1.324  38.778  39.250
80  1.326  1.319  38.889  39.500
81  1.326  1.319  38.861  39.500
82  1.326  1.320  38.806  39.500
83  1.328  1.321  38.750  39.500
84  1.326  1.314  38.861  39.750
85  1.325  1.322  38.833  39.500
86  1.326  1.322  38.778  39.500
87  1.327  1.321  38.778  39.500
88  1.327  1.319  38.806  39.500
89  1.330  1.320  38.722  39.250
90  1.328  1.321  38.833  39.250
91  1.329  1.323  38.667  39.250
92  1.328  1.317  38.694  39.500
93  1.325  1.319  38.806  39.500
94  1.326  1.322  38.861  39.500
95  1.329  1.316  38.861  39.500
96  1.327  1.319  38.833  39.500
97  1.327  1.319  38.833  39.250
98  1.326  1.318  38.833  39.500
99  1.327  1.321  38.806  39.500
100  1.327  1.318  38.778  39.500
101  1.327  1.317  38.806  39.500
102  1.327  1.321  38.750  39.500
103  1.327  1.321  38.806  39.500
104  1.326  1.320  38.833  39.500
105  1.328  1.319  38.778  39.500
106  1.327  1.320  38.778  39.250
107  1.328  1.318  38.750  39.500
108  1.326  1.318  38.861  39.500
109  1.328  1.316  38.806  39.500
110  1.325  1.317  38.833  39.500
111  1.327  1.318  38.750  39.500
112  1.326  1.317  38.778  39.500
113  1.326  1.326  38.806  39.500
114  1.328  1.318  38.750  39.500
115  1.326  1.318  38.833  39.500
116  1.327  1.326  38.778  39.000
117  1.326  1.322  38.833  39.250
118  1.326  1.322  38.861  39.250
119  1.326  1.317  38.833  39.750
120  1.326  1.317  38.778  39.500
121  1.326  1.316  38.639  39.750
122  1.328  1.319  38.667  39.500
123  1.325  1.321  38.861  39.250
124  1.326  1.318  38.778  39.500
125  1.326  1.322  38.778  39.250
126  1.327  1.320  38.806  39.500
127  1.326  1.319  38.833  39.750
128  1.326  1.316  38.833  39.500
129  1.326  1.319  38.806  39.500
130  1.327  1.317  38.778  39.750
131  1.328  1.318  38.750  39.500
132  1.326  1.323  38.778  39.250
133  1.370  1.328  37.944  39.500
134  1.338  1.328  38.472  39.500
135  1.332  1.323  39.139  39.250
136  1.323  1.313  39.639  39.500
137  1.313  1.299  40.222  41.000
138  1.310  1.302  40.083  41.000
139  1.307  1.311  40.306  40.000
140  1.308  1.298  40.444  41.000
141  1.310  1.307  40.417  40.750
142  1.312  1.306  40.472  40.250
143  1.306  1.309  40.667  40.250
144  1.309  1.305  40.361  40.750
145  1.307  1.301  40.278  40.750
146  1.309  1.306  40.278  40.500
147  1.305  1.300  40.500  41.000
148  1.308  1.310  40.528  40.500
149  1.308  1.308  40.611  40.250
150  1.306  1.311  40.556  41.000
151  1.310  1.319  40.333  39.500
152  1.322  1.297  39.306  41.000
153  1.305  1.307  40.639  41.250
154  1.301  1.295  40.528  41.000
155  1.312  1.303  40.444  40.500
156  1.310  1.303  40.444  41.000
157  1.310  1.304  40.583  40.750
158  1.310  1.308  40.556  40.500
159  1.310  1.302  40.417  41.250
160  1.305  1.322  40.417  39.750
161  1.310  1.308  40.194  40.750
162  1.303  1.315  40.556  40.500
163  1.305  1.305  40.528  40.500
164  1.305  1.298  40.556  40.750
165  1.305  1.308  40.556  40.000
166  1.309  1.304  40.472  41.000
167  1.309  1.302  40.333  41.000
168  1.305  1.305  40.556  40.750
169  1.315  1.305  40.194  41.000
170  1.319  1.318  39.556  40.000
171  1.306  1.303  40.583  40.750
172  1.305  1.296  40.722  40.750
173  1.306  1.304  40.528  40.500
174  1.303  1.316  40.500  40.250
175  1.308  1.311  40.667  41.000
176  1.307  1.305  40.833  41.000
177  1.307  1.299  40.694  41.000
178  1.303  1.306  40.611  40.750
179  1.304  1.294  40.806  41.000
180  1.303  1.299  40.694  41.000
181  1.302  1.321  40.750  41.000
182  1.333  1.318  38.917  39.500
183  1.326  1.319  38.750  39.500
184  1.328  1.316  38.806  39.750
185  1.327  1.320  38.722  39.500
186  1.325  1.321  38.861  39.500
187  1.327  1.318  38.667  39.500
188  1.326  1.317  38.694  39.500
189  1.326  1.314  38.778  39.500
190  1.325  1.317  38.778  39.500
191  1.315  1.301  39.889  41.000
192  1.310  1.315  40.667  40.250
193  1.313  1.305  40.056  40.750
194  1.308  1.316  40.417  40.500
195  1.309  1.296  40.472  41.000
196  1.307  1.325  40.417  40.500
197  1.303  1.300  40.639  40.750
198  1.310  1.306  40.611  40.750
199  1.309  1.308  40.389  40.750
200  1.308  1.313  40.333  40.500
