1  1.198  1.087  42.972  50.500
2  1.052  1.035  50.778  51.000
3  1.028  1.016  51.833  50.750
4  1.020  1.001  52.500  53.000
5  1.009  0.996  53.167  54.000
6  0.999  0.984  53.639  54.500
7  0.994  0.976  53.306  55.000
8  0.987  0.994  53.667  53.250
9  0.986  1.006  53.667  52.750
10  0.986  0.993  53.889  53.750
11  0.983  0.992  54.139  52.250
12  0.982  0.992  54.167  53.250
13  0.979  0.989  53.750  53.500
14  0.980  0.985  53.722  53.500
15  0.976  0.990  53.917  53.750
16  0.972  0.988  54.000  52.750
17  0.977  0.994  54.000  54.250
18  0.973  0.993  54.111  54.000
19  0.972  0.993  54.583  52.750
20  0.968  0.994  55.028  53.500
21  0.968  0.997  54.917  53.500
22  0.968  0.994  54.917  53.250
23  0.970  0.990  54.750  53.750
24  0.969  0.976  54.806  54.000
25  0.967  0.995  54.500  52.750
26  0.969  1.005  54.694  52.250
27  0.965  0.989  55.111  54.750
28  0.964  1.003  54.861  52.000
29  0.966  0.991  55.111  53.500
30  0.964  0.991  54.722  52.750
31  0.963  0.989  55.167  53.500
32  0.962  0.982  54.806  53.750
33  0.960  0.983  55.028  53.250
34  0.961  0.996  54.444  52.500
35  0.958  0.999  54.750  53.250
36  0.965  0.997  54.444  52.000
37  0.963  0.987  54.528  52.500
38  0.955  0.990  55.194  52.000
39  0.961  0.990  55.139  52.250
40  0.956  0.996  55.528  53.000
41  0.953  0.987  55.611  55.500
42  0.955  0.989  55.250  52.250
43  0.954  0.994  55.917  53.000
44  0.953  0.994  55.944  53.500
45  0.951  0.987  55.889  54.750
46  0.950  0.989  55.917  54.000
47  0.949  0.987  55.944  53.250
48  0.953  0.988  56.139  54.000
49  0.948  0.979  56.056  55.250
50  0.947  0.982  56.333  55.250
51  0.946  0.979  56.278  54.000
52  0.948  0.974  55.972  54.750
53  0.944  0.979  56.139  54.750
54  0.948  0.974  56.083  56.500
55  0.946  0.974  55.833  55.250
56  0.943  0.977  56.306  56.500
57  0.946  0.973  55.611  55.250
58  0.944  0.973  56.472  55.250
59  0.943  0.973  55.972  56.250
60  0.944  0.973  56.333  56.750
61  0.943  0.973  55.861  56.000
62  0.942  0.972  56.306  55.500
63  0.941  0.972  56.472  56.250
64  0.944  0.972  56.417  56.250
65  0.942  0.972  56.222  56.500
66  0.942  0.971  55.833  55.250
67  0.943  0.970  56.028  56.000
68  0.941  0.972  56.389  55.750
69  0.941  0.973  56.306  54.500
70  0.940  0.974  56.472  56.250
71  0.941  0.972  56.333  55.500
72  0.941  0.972  56.278  55.000
73  0.940  0.972  56.611  55.500
74  0.940  0.972  56.389  55.000
75  0.941  0.970  56.361  56.000
76  0.940  0.971  56.167  55.000
77  0.938  0.972  56.222  55.500
78  0.939  0.968  56.361  54.750
79  0.939  0.969  56.528  55.750
80  0.939  0.969  56.472  56.000
81  0.939  0.965  56.389  55.500
82  0.938  0.966  56.361  55.750
83  0.937  0.965  55.917  55.500
84  0.937  0.963  56.722  55.000
85  0.937  0.962  55.778  53.750
86  0.934  0.960  56.472  55.000
87  0.934  0.962  56.750  55.500
88  0.934  0.961  56.722  55.250
89  0.932  0.956  56.806  56.500
90  0.930  0.959  56.722  55.750
91  0.929  0.958  56.583  56.250
92  0.929  0.955  56.694  56.250
93  0.928  0.959  56.972  54.500
94  0.928  0.951  57.417  54.750
95  0.927  0.946  57.528  55.500
96  0.927  0.946  57.500  54.750
97  0.926  0.952  57.250  54.500
98  0.924  0.957  57.472  54.500
99  0.925  0.958  57.694  54.500
100  0.924  0.959  57.361  53.750
101  0.924  0.953  57.167  54.250
102  0.922  0.952  57.639  54.250
103  0.920  0.952  57.361  54.750
104  0.921  0.949  57.639  55.000
105  0.922  0.943  57.194  54.500
106  0.918  0.936  57.833  55.250
107  0.917  0.942  57.750  55.000
108  0.917  0.944  57.611  55.750
109  0.922  0.935  57.528  56.000
110  0.917  0.935  58.083  55.750
111  0.914  0.926  57.750  56.000
112  0.917  0.929  57.556  55.500
113  0.916  0.927  57.528  56.500
114  0.912  0.926  58.556  57.250
115  0.914  0.926  57.361  55.750
116  0.910  0.924  57.778  56.000
117  0.911  0.931  57.778  56.250
118  0.910  0.921  57.639  56.500
119  0.911  0.921  57.528  56.500
120  0.908  0.923  58.000  57.000
121  0.909  0.926  57.750  56.000
122  0.908  0.921  57.611  56.500
123  0.906  0.922  58.250  56.250
124  0.906  0.924  58.139  55.500
125  0.906  0.922  58.250  55.000
126  0.904  0.927  58.028  54.750
127  0.904  0.923  57.722  54.750
128  0.902  0.925  58.083  54.750
129  0.903  0.928  57.861  54.750
130  0.903  0.926  57.694  54.500
131  0.903  0.925  57.667  54.000
132  0.904  0.927  57.694  54.750
133  0.901  0.926  57.667  54.000
134  0.902  0.933  57.472  54.250
135  0.902  0.925  57.194  55.000
136  0.900  0.928  57.917  55.000
137  0.898  0.929  57.806  54.500
138  0.900  0.952  57.472  54.750
139  0.898  0.950  58.056  55.000
140  0.896  0.955  57.861  55.000
141  0.898  0.956  57.861  54.250
142  0.897  0.959  57.917  55.000
143  0.896  0.966  57.889  54.000
144  0.895  0.970  57.778  54.250
145  0.897  0.965  58.056  53.250
146  0.894  0.967  58.056  54.000
147  0.895  0.966  57.833  54.000
148  0.895  0.968  58.083  56.750
149  0.896  0.978  58.111  55.750
150  0.894  0.977  58.250  53.750
151  0.893  0.982  57.472  54.750
152  0.894  0.986  57.750  54.500
153  0.893  0.985  57.778  53.750
154  0.892  0.984  58.056  54.500
155  0.892  0.979  57.972  56.000
156  0.893  0.974  57.806  54.500
157  0.893  0.977  57.639  54.000
158  0.892  0.977  57.917  54.750
159  0.890  0.974  57.972  54.250
160  0.891  0.969  58.111  54.000
161  0.888  0.976  58.278  54.250
162  0.889  0.973  58.389  54.000
163  0.888  0.974  58.083  54.750
164  0.890  0.958  57.972  54.250
165  0.889  0.966  58.333  54.500
166  0.889  0.968  58.472  54.500
167  0.892  0.960  57.972  55.500
168  0.888  0.953  58.250  56.000
169  0.887  0.965  58.417  55.500
170  0.888  0.954  58.333  55.000
171  0.884  0.967  58.639  56.000
172  0.887  0.947  58.500  55.750
173  0.887  0.961  58.306  54.250
174  0.890  0.961  57.917  55.250
175  0.887  0.961  58.278  55.000
176  0.889  0.963  58.111  55.750
177  0.887  0.948  58.389  55.750
178  0.888  0.934  58.139  57.000
179  0.890  0.939  57.583  55.000
180  0.888  0.964  58.000  54.750
181  0.887  0.940  58.028  55.750
182  0.887  0.951  58.111  55.000
183  0.887  0.956  58.583  55.500
184  0.883  0.957  58.278  54.000
185  0.880  0.976  58.167  54.000
186  0.888  0.948  58.194  55.750
187  0.883  0.972  58.306  54.750
188  0.883  0.960  58.278  55.250
189  0.883  0.979  58.861  56.000
190  0.881  0.969  58.278  55.000
191  0.882  0.963  58.361  54.750
192  0.881  0.986  59.000  54.500
193  0.884  0.962  57.917  55.250
194  0.884  0.962  58.222  54.000
195  0.880  0.983  58.472  54.750
196  0.880  0.992  58.528  54.500
197  0.882  0.975  58.389  54.000
198  0.883  0.973  58.056  54.500
199  0.881  0.963  58.611  54.750
200  0.880  0.972  58.694  54.750
201  0.882  0.974  58.556  54.750
202  0.880  0.981  58.444  54.500
203  0.878  0.993  58.667  54.250
204  0.882  0.979  58.250  54.250
205  0.884  0.951  58.528  56.000
206  0.887  0.951  59.083  55.500
207  0.884  0.961  58.583  56.000
208  0.881  0.967  58.667  55.250
209  0.880  0.965  58.694  55.000
210  0.878  0.978  58.722  54.500
211  0.879  0.972  58.750  54.250
212  0.882  0.981  58.417  54.000
213  0.882  0.976  58.028  53.750
214  0.877  0.977  58.722  53.250
215  0.879  0.984  58.528  53.750
216  0.879  0.984  58.639  54.250
217  0.877  0.969  58.667  53.500
218  0.879  0.979  58.528  53.750
219  0.878  0.961  58.472  53.750
220  0.878  0.970  58.583  54.500
221  0.878  0.965  58.861  53.750
222  0.877  0.957  58.472  55.250
223  0.876  0.976  58.722  53.750
224  0.878  0.974  58.333  54.000
225  0.878  0.966  58.528  54.500
226  0.884  0.959  58.694  53.500
227  0.880  0.957  59.083  54.000
228  0.878  0.944  58.750  54.500
229  0.878  0.957  59.056  54.500
230  0.877  0.957  59.000  54.750
231  0.876  0.957  58.972  54.000
232  0.877  0.950  58.806  53.750
233  0.877  0.955  58.722  53.500
234  0.877  0.950  58.667  53.750
235  0.877  0.955  58.694  53.750
236  0.876  0.968  58.583  53.750
237  0.877  0.947  58.889  53.250
238  0.877  0.950  58.972  54.000
239  0.875  0.946  58.694  53.500
240  0.876  0.945  58.583  53.750
241  0.877  0.979  58.972  53.750
242  0.876  0.956  59.111  54.250
243  0.878  0.958  58.667  54.000
244  0.878  0.951  58.639  54.750
245  0.876  0.966  58.472  53.750
246  0.875  0.954  58.806  53.500
247  0.875  0.981  58.833  52.750
248  0.876  0.948  58.444  53.500
249  0.877  0.979  58.500  53.500
250  0.877  0.965  58.556  54.250
251  0.878  0.970  58.639  53.250
252  0.877  0.976  58.917  54.500
253  0.878  0.969  58.639  53.500
254  0.876  0.963  58.944  54.000
255  0.876  0.951  58.583  53.250
256  0.876  0.988  58.694  53.500
257  0.876  0.982  58.556  53.000
258  0.877  0.987  58.667  54.000
259  0.876  0.984  58.750  53.000
260  0.877  0.975  58.639  54.250
261  0.875  0.999  58.972  54.750
262  0.877  0.986  59.000  53.500
263  0.877  0.964  59.000  54.250
264  0.878  0.971  58.889  53.750
265  0.874  0.987  59.139  53.500
266  0.878  0.972  59.028  53.750
267  0.874  0.958  58.972  53.750
268  0.876  0.974  59.111  53.750
269  0.877  0.977  58.806  54.000
270  0.879  0.966  58.861  54.250
271  0.876  0.978  58.889  54.250
272  0.893  0.967  58.917  54.500
273  0.879  0.949  59.083  54.250
274  0.876  0.954  58.833  54.000
275  0.875  0.948  59.250  54.250
276  0.874  0.959  58.778  54.500
277  0.875  0.948  58.583  54.250
278  0.877  0.966  58.389  54.250
279  0.875  0.956  58.750  54.000
280  0.876  0.960  58.611  53.250
281  0.875  0.962  58.667  54.250
282  0.876  0.984  58.389  55.000
283  0.877  1.017  58.750  54.750
284  0.879  0.955  58.917  55.000
285  0.876  0.974  58.861  55.000
286  0.877  0.943  58.917  54.500
287  0.875  0.943  58.778  55.250
288  0.876  0.961  59.111  55.250
289  0.875  1.002  58.944  54.750
290  0.877  0.955  58.417  54.750
291  0.875  0.974  58.917  55.250
292  0.875  1.013  58.972  55.250
293  0.879  0.939  58.806  56.000
294  0.876  0.946  58.639  55.250
295  0.878  0.974  58.556  55.250
296  0.876  1.005  58.444  54.500
297  0.877  0.979  58.667  55.750
298  0.875  0.992  58.889  55.000
299  0.876  0.950  58.667  54.500
300  0.875  0.958  58.917  54.250
301  0.874  0.944  58.778  53.250
302  0.874  0.952  58.833  53.500
303  0.875  0.945  58.667  54.000
304  0.874  0.994  58.528  53.000
305  0.875  0.946  58.694  52.750
306  0.874  0.984  58.889  52.000
307  0.875  0.943  58.806  54.000
308  0.873  0.946  58.889  52.500
309  0.874  0.945  59.139  52.250
310  0.873  0.982  58.972  52.750
311  0.875  0.946  59.000  52.250
312  0.876  0.949  58.778  52.500
313  0.875  0.947  58.944  52.000
314  0.874  0.945  58.750  52.000
315  0.874  0.984  58.667  52.000
316  0.874  0.948  58.556  52.500
317  0.875  0.949  58.889  53.750
318  0.872  0.944  58.806  53.500
319  0.875  0.949  58.722  53.000
320  0.874  0.967  58.694  51.750
321  0.874  0.955  58.889  52.000
322  0.873  0.949  58.833  52.500
323  0.874  0.947  58.889  52.000
324  0.877  0.953  58.667  51.750
325  0.876  0.988  58.583  52.750
326  0.876  0.948  58.833  52.750
327  0.872  0.948  58.806  53.250
328  0.875  0.950  58.694  51.750
329  0.874  0.947  58.750  52.500
330  0.874  0.950  58.972  52.750
331  0.875  0.950  58.833  53.500
332  0.874  0.946  58.889  53.000
333  0.872  0.944  58.944  52.250
334  0.873  0.951  59.000  52.750
335  0.875  0.944  58.806  52.750
336  0.875  0.946  58.611  53.000
337  0.874  0.951  59.083  53.000
338  0.875  0.945  59.028  53.500
339  0.874  0.945  58.944  52.250
340  0.874  0.946  59.111  52.500
341  0.873  0.948  59.083  53.000
342  0.874  0.950  58.806  52.500
343  0.875  0.949  58.750  53.250
344  0.874  0.948  58.944  53.250
345  0.874  0.944  59.028  53.000
346  0.874  0.946  58.694  53.750
347  0.872  0.948  58.972  53.250
348  0.874  0.945  58.861  53.750
349  0.875  0.945  58.667  53.250
350  0.872  0.947  59.306  53.750
351  0.873  0.949  59.083  52.250
352  0.874  0.948  58.861  53.250
353  0.872  0.945  58.917  54.250
354  0.873  0.944  59.222  54.000
355  0.874  0.944  59.056  54.000
356  0.874  0.946  58.833  53.500
357  0.872  0.947  59.194  53.750
358  0.871  0.948  59.028  53.250
359  0.872  0.947  59.083  53.750
360  0.872  0.945  59.028  53.750
361  0.872  0.948  59.056  53.750
362  0.872  0.948  58.861  53.250
363  0.870  0.946  59.028  53.250
364  0.870  0.945  59.000  53.500
365  0.873  0.947  58.917  54.750
366  0.874  0.948  59.000  53.750
367  0.871  0.951  59.167  54.000
368  0.872  0.949  59.222  53.500
369  0.871  0.947  59.056  53.250
370  0.873  0.946  58.972  53.250
371  0.871  0.946  58.972  54.000
372  0.872  0.949  59.139  54.000
373  0.874  0.948  59.083  53.250
374  0.873  0.949  59.222  54.250
375  0.872  0.948  59.139  53.500
376  0.873  0.951  59.000  54.000
377  0.870  0.947  59.306  54.000
378  0.874  0.961  58.972  54.250
379  0.873  0.945  59.000  54.000
380  0.871  0.944  58.833  53.750
381  0.872  0.950  58.778  54.250
382  0.872  0.944  58.917  54.750
383  0.872  0.947  58.972  54.000
384  0.870  0.949  59.028  54.000
385  0.870  0.952  59.306  53.500
386  0.870  0.945  59.111  53.750
387  0.870  0.944  58.944  53.500
388  0.871  0.944  59.000  53.750
389  0.872  0.980  59.139  54.000
390  0.872  0.946  58.944  53.750
391  0.873  0.944  58.917  52.750
392  0.872  0.947  59.000  53.500
393  0.871  0.944  59.139  54.000
394  0.872  0.947  59.083  53.500
395  0.872  0.950  59.278  53.250
396  0.871  0.946  58.806  54.250
397  0.871  0.946  58.944  54.250
398  0.870  0.945  59.083  54.000
399  0.870  0.951  59.389  54.500
400  0.873  0.949  59.056  54.250
