1  1.377  1.314  35.556  37.500
2  1.321  1.317  38.056  37.500
3  1.316  1.315  38.278  38.250
4  1.315  1.313  39.056  38.750
5  1.303  1.299  39.639  38.750
6  1.296  1.293  39.694  38.750
7  1.293  1.288  39.583  38.750
8  1.287  1.275  39.806  39.500
9  1.285  1.280  40.111  39.750
10  1.269  1.268  41.639  42.000
11  1.263  1.253  42.000  41.250
12  1.257  1.218  41.611  42.500
13  1.227  1.202  42.667  42.000
14  1.195  1.168  44.806  44.500
15  1.172  1.159  46.167  45.750
16  1.138  1.112  47.667  45.750
17  1.113  1.095  47.472  46.250
18  1.095  1.080  48.167  47.750
19  1.076  1.066  49.444  48.750
20  1.062  1.058  50.167  47.500
21  1.049  1.051  51.056  47.750
22  1.039  1.042  51.944  48.750
23  1.029  1.032  52.583  50.000
24  1.021  1.027  52.528  49.750
25  1.014  1.020  52.972  50.250
26  1.007  1.015  52.806  51.250
27  1.002  1.009  53.000  51.250
28  0.997  1.005  53.167  51.750
29  0.993  1.005  53.528  51.500
30  0.988  0.994  53.139  52.500
31  0.986  0.995  53.861  52.750
32  0.983  0.998  53.361  53.250
33  0.981  0.991  54.361  53.250
34  0.978  0.989  54.111  53.000
35  0.975  0.987  54.667  53.500
36  0.974  0.995  54.611  52.000
37  0.972  0.983  54.889  53.250
38  0.968  0.986  55.222  52.500
39  0.966  0.982  55.417  53.250
40  0.966  0.983  55.556  52.750
41  0.964  0.983  55.722  53.500
42  0.961  0.987  55.944  53.500
43  0.959  0.981  55.556  53.750
44  0.957  0.978  55.917  53.500
45  0.956  0.977  55.889  53.750
46  0.954  0.981  56.111  53.500
47  0.952  0.977  56.139  53.500
48  0.951  0.975  56.056  54.000
49  0.948  0.979  55.944  53.500
50  0.949  0.978  56.000  53.500
51  0.947  0.976  56.139  53.750
52  0.947  0.977  56.056  53.750
53  0.945  0.972  55.889  54.000
54  0.945  0.970  56.139  53.500
55  0.944  0.968  56.111  54.250
56  0.944  0.971  56.139  54.250
57  0.943  0.967  56.000  54.500
58  0.942  0.968  56.056  54.500
59  0.941  0.967  56.139  54.250
60  0.941  0.971  55.972  54.750
61  0.940  0.971  56.194  54.500
62  0.938  0.966  56.194  54.750
63  0.938  0.964  56.500  54.750
64  0.939  0.968  56.472  54.250
65  0.938  0.969  56.556  54.250
66  0.937  0.964  56.639  54.000
67  0.937  0.966  56.556  53.500
68  0.937  0.969  56.500  54.000
69  0.937  0.970  56.528  52.500
70  0.937  0.971  56.556  52.250
71  0.936  0.967  56.472  53.500
72  0.935  0.967  56.583  53.000
73  0.935  0.968  56.806  52.250
74  0.935  0.968  56.556  52.000
75  0.934  0.957  56.361  53.000
76  0.932  0.966  56.694  52.500
77  0.934  0.955  56.611  52.750
78  0.931  0.957  56.639  53.000
79  0.933  0.968  57.167  52.500
80  0.934  0.957  56.556  52.750
81  0.932  0.967  56.833  52.250
82  0.932  0.957  56.306  52.500
83  0.931  0.964  56.722  52.250
84  0.932  0.955  56.472  52.750
85  0.930  0.956  56.694  53.000
86  0.930  0.961  56.722  52.250
87  0.932  0.961  56.806  52.500
88  0.930  0.950  56.583  53.000
89  0.929  0.951  56.722  53.000
90  0.929  0.959  56.917  52.250
91  0.929  0.950  56.778  53.000
92  0.928  0.948  56.750  53.250
93  0.928  0.956  56.972  52.750
94  0.928  0.947  56.833  53.500
95  0.927  0.955  57.000  52.750
96  0.928  0.953  56.889  53.000
97  0.927  0.954  57.028  53.000
98  0.927  0.954  57.000  53.000
99  0.926  0.954  56.917  53.000
100  0.928  0.955  57.111  52.250
101  0.928  0.954  57.028  52.750
102  0.927  0.955  56.861  52.750
103  0.927  0.954  56.750  52.750
104  0.927  0.956  56.972  53.000
105  0.926  0.952  57.111  53.250
106  0.926  0.953  57.028  53.000
107  0.926  0.955  57.278  53.250
108  0.926  0.952  57.167  53.250
109  0.926  0.952  57.278  53.000
110  0.925  0.951  57.056  53.250
111  0.925  0.950  57.111  53.250
112  0.925  0.951  57.056  53.250
113  0.925  0.953  57.222  53.000
114  0.925  0.948  57.278  53.500
115  0.925  0.949  57.056  53.250
116  0.926  0.947  56.889  53.750
117  0.925  0.951  57.111  53.750
118  0.926  0.949  57.028  54.000
119  0.925  0.948  57.167  54.000
120  0.925  0.946  57.000  54.750
121  0.924  0.947  57.278  54.000
122  0.923  0.946  57.278  54.250
123  0.923  0.948  57.194  54.000
124  0.923  0.945  57.194  54.250
125  0.922  0.945  57.278  54.250
126  0.922  0.945  57.306  54.250
127  0.923  0.948  57.528  54.000
128  0.922  0.949  57.444  53.750
129  0.922  0.948  57.306  54.000
130  0.922  0.948  57.528  53.750
131  0.922  0.947  57.472  54.250
132  0.922  0.947  57.417  53.750
133  0.921  0.946  57.583  54.500
134  0.922  0.944  57.167  54.500
135  0.921  0.941  57.306  54.500
136  0.921  0.940  57.556  54.500
137  0.921  0.941  57.667  54.500
138  0.921  0.935  57.556  55.000
139  0.920  0.939  57.694  54.500
140  0.920  0.940  57.667  54.250
141  0.920  0.937  57.528  54.500
142  0.919  0.939  57.611  54.250
143  0.918  0.938  57.750  54.250
144  0.920  0.935  57.694  56.500
145  0.919  0.937  57.833  54.750
146  0.918  0.937  57.639  55.750
147  0.918  0.938  57.639  55.500
148  0.918  0.931  57.861  55.750
149  0.917  0.937  57.833  55.250
150  0.917  0.934  57.806  55.750
151  0.918  0.933  57.750  57.000
152  0.917  0.935  57.722  55.000
153  0.916  0.934  57.861  55.750
154  0.917  0.930  57.778  57.000
155  0.916  0.933  57.500  56.750
156  0.916  0.933  58.000  55.750
157  0.915  0.932  58.028  56.500
158  0.916  0.932  57.944  54.250
159  0.915  0.931  57.861  55.750
160  0.916  0.928  57.778  56.000
161  0.915  0.931  57.944  56.500
162  0.915  0.932  58.000  56.500
163  0.915  0.936  58.028  55.000
164  0.915  0.933  57.889  56.250
165  0.915  0.931  57.806  56.250
166  0.915  0.934  58.056  55.000
167  0.914  0.931  58.222  56.000
168  0.914  0.931  58.250  55.000
169  0.915  0.926  57.889  56.500
170  0.913  0.931  58.111  54.250
171  0.913  0.927  57.944  56.500
172  0.913  0.929  58.389  55.250
173  0.913  0.929  58.056  55.000
174  0.913  0.927  58.000  56.250
175  0.912  0.932  58.333  55.250
176  0.912  0.930  58.556  55.500
177  0.913  0.931  58.333  55.000
178  0.914  0.924  57.806  57.000
179  0.912  0.928  57.972  55.500
180  0.914  0.926  57.806  56.750
181  0.911  0.927  57.889  57.000
182  0.911  0.925  58.250  55.750
183  0.913  0.925  58.194  56.250
184  0.912  0.924  58.167  56.500
185  0.911  0.925  58.111  55.250
186  0.913  0.922  58.167  56.500
187  0.914  0.924  58.111  57.000
188  0.912  0.924  58.222  56.500
189  0.911  0.926  58.417  56.000
190  0.913  0.923  57.806  55.000
191  0.911  0.929  58.333  55.000
192  0.912  0.925  58.250  56.000
193  0.912  0.924  58.361  56.000
194  0.911  0.921  58.194  56.750
195  0.911  0.925  58.361  56.500
196  0.911  0.922  58.361  56.750
197  0.911  0.921  57.833  54.750
198  0.911  0.922  57.778  55.250
199  0.912  0.920  57.639  55.750
200  0.912  0.921  58.222  54.750
201  0.911  0.922  57.778  55.000
202  0.912  0.922  57.944  55.250
203  0.912  0.920  57.778  56.500
204  0.911  0.920  58.111  54.250
205  0.911  0.922  57.889  56.750
206  0.911  0.923  58.083  56.000
207  0.912  0.922  57.944  56.750
208  0.913  0.925  57.861  56.250
209  0.912  0.924  57.944  56.250
210  0.911  0.924  57.944  56.250
211  0.911  0.923  58.028  56.250
212  0.911  0.923  57.861  56.250
213  0.911  0.922  57.861  56.000
214  0.911  0.922  57.833  56.000
215  0.911  0.922  58.000  56.000
216  0.911  0.922  57.944  56.000
217  0.910  0.922  58.028  56.000
218  0.910  0.921  57.944  56.000
219  0.910  0.921  58.028  55.750
220  0.910  0.921  57.889  56.000
221  0.910  0.920  57.833  55.750
222  0.910  0.920  57.889  55.750
223  0.910  0.919  57.861  55.750
224  0.909  0.919  57.972  55.500
225  0.909  0.918  57.889  55.250
226  0.909  0.919  58.111  56.000
227  0.910  0.918  57.944  55.250
228  0.909  0.918  57.944  55.500
229  0.909  0.918  57.917  55.750
230  0.909  0.918  58.028  55.750
231  0.908  0.919  58.056  55.750
232  0.908  0.918  58.056  55.750
233  0.908  0.919  58.056  55.500
234  0.909  0.919  58.000  55.750
235  0.909  0.918  58.056  56.000
236  0.909  0.918  58.028  55.500
237  0.908  0.916  58.139  55.500
238  0.908  0.917  58.167  55.750
239  0.908  0.917  58.083  55.250
240  0.908  0.915  58.111  55.500
241  0.909  0.918  57.972  55.250
242  0.908  0.918  58.139  55.250
243  0.909  0.916  58.250  55.250
244  0.908  0.917  58.167  55.250
245  0.908  0.916  58.222  55.250
246  0.908  0.914  58.167  55.000
247  0.908  0.914  58.139  55.000
248  0.908  0.914  58.306  55.000
249  0.907  0.914  58.194  55.000
250  0.907  0.914  58.167  55.000
251  0.907  0.914  58.333  55.000
252  0.907  0.913  58.194  55.500
253  0.907  0.914  58.222  55.000
254  0.907  0.913  58.333  55.000
255  0.907  0.914  58.278  55.250
256  0.907  0.914  58.222  55.000
257  0.906  0.913  58.222  55.500
258  0.906  0.913  58.278  55.250
259  0.906  0.913  58.250  55.250
260  0.907  0.915  58.250  55.000
261  0.907  0.914  58.389  55.000
262  0.907  0.913  58.278  55.000
263  0.907  0.915  58.444  55.250
264  0.907  0.914  58.278  54.750
265  0.907  0.913  58.528  54.750
266  0.907  0.914  58.444  54.500
267  0.906  0.913  58.528  54.500
268  0.906  0.912  58.500  54.750
269  0.906  0.912  58.389  55.000
270  0.906  0.912  58.556  54.750
271  0.906  0.912  58.500  55.000
272  0.906  0.912  58.444  55.000
273  0.906  0.912  58.361  54.750
274  0.906  0.912  58.444  55.000
275  0.908  0.915  58.389  54.750
276  0.906  0.914  58.389  54.750
277  0.906  0.914  58.389  54.500
278  0.906  0.913  58.528  54.750
279  0.906  0.914  58.306  54.750
280  0.906  0.913  58.444  55.000
281  0.906  0.913  58.278  54.500
282  0.906  0.913  58.444  54.750
283  0.905  0.913  58.472  54.750
284  0.905  0.912  58.556  54.750
285  0.905  0.912  58.417  54.750
286  0.905  0.912  58.306  54.500
287  0.905  0.912  58.528  55.000
288  0.905  0.912  58.528  55.000
289  0.905  0.911  58.500  54.750
290  0.904  0.910  58.472  55.000
291  0.904  0.911  58.500  55.000
292  0.905  0.911  58.500  54.500
293  0.904  0.911  58.639  55.000
294  0.904  0.911  58.472  55.250
295  0.904  0.910  58.528  54.750
296  0.904  0.911  58.472  55.000
297  0.904  0.911  58.444  55.250
298  0.904  0.910  58.444  55.250
299  0.905  0.911  58.417  55.000
300  0.904  0.909  58.556  54.750
301  0.904  0.910  58.389  54.750
302  0.904  0.909  58.500  55.000
303  0.904  0.911  58.389  55.000
304  0.904  0.910  58.444  54.250
305  0.904  0.912  58.417  54.750
306  0.904  0.911  58.417  54.500
307  0.904  0.911  58.389  54.750
308  0.904  0.910  58.556  54.750
309  0.904  0.910  58.444  54.750
310  0.904  0.910  58.472  54.750
311  0.903  0.910  58.472  54.500
312  0.903  0.910  58.389  54.500
313  0.903  0.909  58.306  55.000
314  0.903  0.910  58.444  54.750
315  0.904  0.910  58.333  54.750
316  0.903  0.910  58.361  54.500
317  0.903  0.910  58.444  54.750
318  0.903  0.910  58.444  54.750
319  0.903  0.910  58.389  54.500
320  0.903  0.909  58.611  54.750
321  0.903  0.909  58.444  54.500
322  0.903  0.910  58.333  55.000
323  0.903  0.909  58.583  55.000
324  0.903  0.909  58.444  54.500
325  0.902  0.909  58.278  55.000
326  0.904  0.912  58.361  54.500
327  0.904  0.912  58.417  54.500
328  0.903  0.912  58.417  54.500
329  0.903  0.911  58.528  54.500
330  0.903  0.910  58.472  54.500
331  0.903  0.910  58.417  55.000
332  0.903  0.910  58.500  54.500
333  0.903  0.910  58.444  54.500
334  0.903  0.910  58.417  54.500
335  0.902  0.910  58.472  54.500
336  0.902  0.910  58.417  54.500
337  0.902  0.910  58.361  54.500
338  0.902  0.909  58.472  54.500
339  0.902  0.909  58.306  55.000
340  0.902  0.910  58.389  54.500
341  0.902  0.909  58.444  54.500
342  0.902  0.909  58.306  54.500
343  0.901  0.908  58.444  54.750
344  0.902  0.909  58.167  55.000
345  0.902  0.909  58.417  54.500
346  0.902  0.908  58.278  54.750
347  0.901  0.908  58.361  54.750
348  0.903  0.910  58.111  55.250
349  0.902  0.910  58.222  55.250
350  0.903  0.910  58.556  54.750
351  0.902  0.910  58.361  54.750
352  0.902  0.910  58.417  54.500
353  0.902  0.909  58.417  54.500
354  0.902  0.909  58.333  54.750
355  0.901  0.909  58.417  54.500
356  0.901  0.909  58.361  54.750
357  0.901  0.908  58.583  55.000
358  0.901  0.909  58.444  55.250
359  0.901  0.909  58.500  55.000
360  0.901  0.908  58.444  55.000
361  0.901  0.908  58.667  55.250
362  0.901  0.908  58.528  55.250
363  0.901  0.908  58.528  55.250
364  0.901  0.908  58.528  55.000
365  0.900  0.907  58.583  55.000
366  0.901  0.908  58.444  54.750
367  0.900  0.908  58.611  55.000
368  0.901  0.908  58.417  55.000
369  0.901  0.908  58.639  54.750
370  0.901  0.908  58.500  54.750
371  0.900  0.907  58.694  54.750
372  0.900  0.908  58.611  55.250
373  0.901  0.908  58.583  54.750
374  0.900  0.908  58.556  55.250
375  0.901  0.908  58.583  54.750
376  0.901  0.908  58.556  55.500
377  0.900  0.907  58.639  55.000
378  0.900  0.908  58.556  55.250
379  0.900  0.907  58.611  55.000
380  0.900  0.907  58.528  55.250
381  0.900  0.906  58.556  55.250
382  0.900  0.908  58.444  55.250
383  0.900  0.907  58.472  55.250
384  0.901  0.910  58.222  55.250
385  0.901  0.909  58.500  55.250
386  0.901  0.909  58.472  55.250
387  0.900  0.909  58.556  55.250
388  0.901  0.909  58.500  55.250
389  0.900  0.908  58.500  55.250
390  0.900  0.908  58.500  55.250
391  0.900  0.908  58.472  55.250
392  0.900  0.908  58.444  55.250
393  0.900  0.908  58.444  55.250
394  0.900  0.908  58.444  55.250
395  0.900  0.907  58.472  55.250
396  0.900  0.907  58.444  55.250
397  0.899  0.907  58.472  55.250
398  0.900  0.908  58.472  55.250
399  0.899  0.907  58.444  55.250
400  0.899  0.907  58.389  55.250
401  0.899  0.906  58.472  55.500
402  0.899  0.907  58.361  55.250
403  0.899  0.906  58.500  55.500
404  0.899  0.907  58.417  55.250
405  0.899  0.907  58.528  55.500
406  0.899  0.907  58.389  55.250
407  0.899  0.905  58.528  55.500
408  0.899  0.907  58.389  55.500
409  0.900  0.909  58.306  55.250
410  0.900  0.909  58.472  55.250
411  0.900  0.908  58.444  55.250
412  0.900  0.908  58.417  55.250
413  0.899  0.908  58.500  55.250
414  0.900  0.908  58.389  55.250
415  0.899  0.907  58.417  55.250
416  0.899  0.908  58.333  55.250
417  0.899  0.907  58.417  55.250
418  0.899  0.907  58.361  55.250
419  0.899  0.907  58.417  55.250
420  0.899  0.907  58.389  55.000
421  0.899  0.907  58.361  55.500
422  0.899  0.907  58.417  55.000
423  0.899  0.907  58.417  55.500
424  0.899  0.906  58.444  55.000
425  0.898  0.906  58.417  55.750
426  0.899  0.907  58.417  55.500
427  0.898  0.906  58.472  55.500
428  0.898  0.905  58.444  55.250
429  0.900  0.909  58.333  55.500
430  0.899  0.909  58.417  55.000
431  0.899  0.908  58.444  55.500
432  0.899  0.908  58.472  55.000
433  0.899  0.908  58.528  55.000
434  0.899  0.908  58.389  55.500
435  0.899  0.907  58.583  55.000
436  0.899  0.907  58.472  55.250
437  0.899  0.907  58.500  55.000
438  0.899  0.907  58.472  55.250
439  0.898  0.907  58.528  55.000
440  0.898  0.907  58.500  55.250
441  0.898  0.907  58.528  55.250
442  0.898  0.906  58.500  55.000
443  0.898  0.906  58.528  55.250
444  0.898  0.906  58.556  54.750
445  0.898  0.907  58.528  55.250
446  0.898  0.906  58.417  55.000
447  0.898  0.906  58.556  55.250
448  0.898  0.906  58.444  55.000
449  0.898  0.905  58.611  55.250
450  0.898  0.907  58.361  55.250
451  0.898  0.906  58.472  54.750
452  0.898  0.906  58.472  55.250
453  0.898  0.905  58.611  55.500
454  0.920  0.910  58.444  56.000
455  0.899  0.908  58.500  55.250
456  0.899  0.907  58.417  55.250
457  0.898  0.907  58.611  55.250
458  0.898  0.907  58.500  55.250
459  0.898  0.907  58.556  55.000
460  0.898  0.907  58.417  55.250
461  0.898  0.907  58.583  55.000
462  0.898  0.907  58.472  55.250
463  0.898  0.907  58.611  55.250
464  0.898  0.907  58.444  55.250
465  0.898  0.906  58.639  55.000
466  0.898  0.907  58.528  55.250
467  0.897  0.906  58.583  55.000
468  0.898  0.906  58.472  55.250
469  0.897  0.906  58.556  55.000
470  0.898  0.906  58.500  55.250
471  0.897  0.906  58.556  55.000
472  0.898  0.906  58.444  55.000
473  0.897  0.906  58.556  55.000
474  0.897  0.906  58.472  55.250
475  0.897  0.906  58.556  55.000
476  0.897  0.906  58.500  55.250
477  0.897  0.906  58.556  55.000
478  0.897  0.906  58.500  55.250
479  0.897  0.905  58.556  55.000
480  0.897  0.906  58.500  55.250
481  0.897  0.905  58.556  55.000
482  0.897  0.906  58.472  55.250
483  0.897  0.906  58.500  55.000
484  0.897  0.906  58.361  55.250
485  0.897  0.906  58.583  55.250
486  0.897  0.906  58.417  55.250
487  0.897  0.906  58.583  55.250
488  0.897  0.906  58.444  55.250
489  0.897  0.906  58.528  55.250
490  0.897  0.906  58.417  55.500
491  0.897  0.907  58.444  55.500
492  0.897  0.907  58.278  55.500
493  0.897  0.907  58.361  55.500
494  0.897  0.907  58.333  55.500
495  0.897  0.907  58.333  55.500
496  0.897  0.907  58.306  55.500
497  0.897  0.906  58.333  55.500
498  0.897  0.906  58.333  55.250
499  0.897  0.906  58.417  55.750
500  0.897  0.906  58.389  55.250
501  0.897  0.906  58.444  55.750
502  0.897  0.906  58.389  55.250
503  0.896  0.906  58.472  55.500
504  0.897  0.906  58.306  55.250
505  0.897  0.906  58.417  55.250
506  0.897  0.906  58.306  55.250
507  0.897  0.905  58.528  55.250
508  0.897  0.905  58.306  55.500
509  0.896  0.905  58.444  55.500
510  0.897  0.906  58.333  55.500
511  0.897  0.906  58.306  55.250
512  0.896  0.906  58.444  55.250
513  0.897  0.905  58.306  55.250
514  0.896  0.906  58.444  55.250
515  0.897  0.907  58.167  55.250
516  0.897  0.906  58.417  55.250
517  0.897  0.906  58.194  55.250
518  0.897  0.906  58.500  55.250
519  0.897  0.906  58.222  55.250
520  0.896  0.905  58.528  55.500
521  0.897  0.905  58.250  55.250
522  0.896  0.906  58.444  55.250
523  0.897  0.905  58.250  55.250
524  0.896  0.906  58.500  55.500
525  0.897  0.907  58.194  55.250
526  0.897  0.906  58.500  55.250
527  0.897  0.906  58.250  55.000
528  0.897  0.906  58.472  55.250
529  0.897  0.906  58.222  55.000
530  0.896  0.905  58.500  55.250
531  0.897  0.905  58.250  55.000
532  0.896  0.905  58.556  55.250
533  0.896  0.905  58.306  55.000
534  0.897  0.904  58.556  55.000
535  0.897  0.907  58.444  55.250
536  0.897  0.906  58.361  55.000
537  0.897  0.906  58.556  55.000
538  0.897  0.906  58.528  55.000
539  0.896  0.905  58.556  55.000
540  0.896  0.905  58.500  54.500
541  0.896  0.905  58.528  55.000
542  0.896  0.905  58.417  55.000
543  0.896  0.905  58.583  55.000
544  0.897  0.906  58.528  55.000
545  0.896  0.906  58.556  55.000
546  0.896  0.906  58.528  54.500
547  0.896  0.906  58.583  55.000
548  0.896  0.905  58.528  54.500
549  0.896  0.905  58.556  55.000
550  0.896  0.905  58.528  54.500
551  0.896  0.905  58.639  54.500
552  0.896  0.905  58.583  54.500
553  0.896  0.905  58.667  55.250
554  0.896  0.904  58.528  54.500
555  0.896  0.904  58.694  54.500
556  0.897  0.906  58.556  54.500
557  0.896  0.906  58.611  54.500
558  0.897  0.906  58.611  54.500
559  0.896  0.905  58.611  54.500
560  0.896  0.905  58.583  54.500
561  0.896  0.905  58.667  54.500
562  0.896  0.905  58.583  54.500
563  0.896  0.905  58.667  54.500
564  0.896  0.905  58.528  54.500
565  0.896  0.904  58.667  54.500
566  0.896  0.904  58.556  54.500
567  0.896  0.904  58.694  54.750
568  0.896  0.904  58.583  54.500
569  0.896  0.904  58.611  54.500
570  0.896  0.904  58.528  54.500
571  0.896  0.904  58.694  54.500
572  0.896  0.905  58.472  54.500
573  0.896  0.905  58.611  54.500
574  0.896  0.905  58.500  54.500
575  0.897  0.905  58.444  54.750
576  0.896  0.905  58.417  55.000
577  0.899  0.904  58.611  56.000
578  0.897  0.907  58.639  55.000
579  0.897  0.907  58.611  55.000
580  0.897  0.906  58.639  55.000
581  0.897  0.907  58.583  55.000
582  0.897  0.906  58.639  55.000
583  0.897  0.906  58.583  55.000
584  0.896  0.906  58.667  55.000
585  0.897  0.906  58.583  55.000
586  0.896  0.906  58.667  55.000
587  0.896  0.906  58.500  55.000
588  0.896  0.905  58.667  55.000
589  0.896  0.906  58.556  55.000
590  0.896  0.905  58.667  55.000
591  0.896  0.905  58.583  55.000
592  0.896  0.905  58.667  55.000
593  0.896  0.905  58.611  54.750
594  0.896  0.905  58.611  55.000
595  0.896  0.905  58.611  55.000
596  0.896  0.905  58.583  55.250
597  0.896  0.905  58.528  55.000
598  0.896  0.904  58.583  55.250
599  0.896  0.904  58.556  55.000
600  0.896  0.904  58.583  55.250
601  0.896  0.904  58.639  55.250
602  0.896  0.904  58.694  55.250
603  0.896  0.904  58.694  55.250
604  0.896  0.904  58.556  55.000
605  0.896  0.904  58.694  55.500
606  0.896  0.906  58.556  54.750
607  0.896  0.905  58.556  55.500
608  0.896  0.905  58.528  55.000
609  0.896  0.905  58.667  55.750
610  0.896  0.905  58.556  55.000
611  0.896  0.905  58.667  55.750
612  0.896  0.905  58.556  55.250
613  0.896  0.904  58.722  55.750
614  0.896  0.904  58.750  55.750
615  0.896  0.905  58.861  55.500
616  0.896  0.905  58.528  55.750
617  0.896  0.905  58.722  55.750
618  0.896  0.905  58.611  55.750
619  0.896  0.904  58.917  55.750
620  0.896  0.905  58.639  55.750
621  0.896  0.904  58.861  56.000
622  0.896  0.905  58.806  55.750
623  0.896  0.905  58.694  55.750
624  0.896  0.904  58.917  56.000
625  0.896  0.905  58.917  56.000
626  0.896  0.906  58.778  55.750
627  0.897  0.906  58.694  55.500
628  0.896  0.906  58.889  56.250
629  0.896  0.905  58.722  55.750
630  0.896  0.905  58.917  56.000
631  0.896  0.905  58.889  56.000
632  0.896  0.905  58.917  56.000
633  0.896  0.904  58.917  56.000
634  0.896  0.905  58.917  56.250
635  0.896  0.905  58.778  55.750
636  0.896  0.905  58.861  56.500
637  0.896  0.906  58.861  56.000
638  0.896  0.905  58.972  56.250
639  0.896  0.906  58.833  55.750
640  0.896  0.905  59.028  56.250
641  0.896  0.905  58.833  55.750
642  0.896  0.905  59.083  56.250
643  0.896  0.905  58.833  56.000
644  0.896  0.905  59.056  55.750
645  0.896  0.906  58.833  55.750
646  0.896  0.905  59.028  56.000
647  0.896  0.905  58.806  55.750
648  0.896  0.905  58.972  56.000
649  0.896  0.905  58.944  55.750
650  0.896  0.905  58.972  55.750
651  0.896  0.905  58.972  55.500
652  0.902  0.908  58.750  55.500
653  0.897  0.908  59.056  55.750
654  0.897  0.908  58.861  55.750
655  0.897  0.908  59.000  55.750
656  0.897  0.908  58.917  55.750
657  0.897  0.907  58.972  55.750
658  0.897  0.907  59.000  55.750
659  0.897  0.907  59.000  55.500
660  0.897  0.907  58.972  55.500
661  0.897  0.907  59.000  55.750
662  0.897  0.907  58.917  55.500
663  0.896  0.906  59.000  55.750
664  0.897  0.906  58.861  55.500
665  0.896  0.906  58.972  55.750
666  0.896  0.906  58.833  55.750
667  0.896  0.906  59.028  55.750
668  0.896  0.906  58.889  55.750
669  0.896  0.906  58.972  55.750
670  0.896  0.906  58.917  55.750
671  0.896  0.906  58.917  55.750
672  0.896  0.907  58.750  55.750
673  0.896  0.908  58.944  55.750
674  0.896  0.906  58.778  55.750
675  0.896  0.906  58.972  55.750
676  0.896  0.906  58.833  55.750
677  0.896  0.907  58.972  55.500
678  0.896  0.906  58.944  55.500
679  0.896  0.906  58.944  55.500
680  0.896  0.906  58.972  55.500
681  0.896  0.906  58.944  56.000
682  0.896  0.906  58.917  55.750
683  0.896  0.906  58.778  55.750
684  0.896  0.906  58.944  55.500
685  0.920  0.908  58.806  56.000
686  0.897  0.907  58.778  56.000
687  0.897  0.907  58.972  55.500
688  0.897  0.907  58.944  55.250
689  0.896  0.907  59.000  55.250
690  0.896  0.907  58.944  55.250
691  0.896  0.907  59.000  55.500
692  0.896  0.907  58.972  55.250
693  0.896  0.907  59.028  55.500
694  0.896  0.907  58.972  55.250
695  0.896  0.907  58.972  55.500
696  0.896  0.907  58.944  55.000
697  0.896  0.907  59.000  55.750
698  0.896  0.907  58.889  55.000
699  0.896  0.907  58.972  55.500
700  0.896  0.907  58.861  55.500
701  0.896  0.907  58.917  55.500
702  0.896  0.907  58.944  55.500
703  0.896  0.907  59.028  55.500
704  0.896  0.907  59.000  55.500
705  0.896  0.907  58.917  55.500
706  0.896  0.907  58.861  55.750
707  0.896  0.907  58.889  55.500
708  0.896  0.907  59.028  55.500
709  0.896  0.907  58.972  55.750
710  0.896  0.907  58.917  55.750
711  0.896  0.907  58.944  55.750
712  0.896  0.907  58.833  55.750
713  0.896  0.906  58.889  55.750
714  0.897  0.909  58.833  55.750
715  0.896  0.908  58.944  55.750
716  0.896  0.908  58.917  55.750
717  0.896  0.908  59.000  55.750
718  0.896  0.908  58.861  55.750
719  0.896  0.908  59.000  55.750
720  0.896  0.908  58.861  55.750
721  0.896  0.908  58.944  55.750
722  0.896  0.908  58.861  55.750
723  0.896  0.907  59.000  55.750
724  0.896  0.907  58.944  55.750
725  0.896  0.907  58.889  56.000
726  0.896  0.907  58.972  56.000
727  0.896  0.908  58.944  56.000
728  0.896  0.909  58.972  56.000
729  0.897  0.909  58.806  56.000
730  0.896  0.908  58.889  56.000
731  0.897  0.910  58.722  56.000
732  0.896  0.908  58.944  56.500
733  0.896  0.909  58.639  56.000
734  0.896  0.908  58.889  56.500
735  0.896  0.909  58.861  56.000
736  0.896  0.909  58.889  56.000
737  0.897  0.911  58.889  56.250
738  0.897  0.911  58.806  56.000
739  0.897  0.910  58.806  56.000
740  0.897  0.910  58.667  56.000
741  0.896  0.910  58.722  56.000
742  0.896  0.909  58.833  56.750
743  0.896  0.909  58.806  56.000
744  0.896  0.909  58.778  56.000
745  0.896  0.909  58.861  56.000
746  0.896  0.910  58.917  56.000
747  0.896  0.908  58.917  56.500
748  0.896  0.911  58.806  56.000
749  0.896  0.911  58.694  56.250
750  0.897  0.911  58.694  56.000
751  0.896  0.910  58.722  56.000
752  0.897  0.910  58.722  56.000
753  0.896  0.910  58.694  56.000
754  0.896  0.909  58.833  56.000
755  0.896  0.909  58.806  56.000
756  0.896  0.909  58.833  56.000
757  0.897  0.910  58.806  56.000
758  0.896  0.909  58.944  56.250
759  0.896  0.909  58.667  56.250
760  0.896  0.909  58.694  56.250
761  0.902  0.916  58.639  56.000
762  0.899  0.912  58.722  56.000
763  0.897  0.912  59.028  56.000
764  0.897  0.912  58.750  56.000
765  0.897  0.911  58.861  56.000
766  0.897  0.911  58.972  56.000
767  0.897  0.911  59.000  56.000
768  0.897  0.911  58.917  56.000
769  0.897  0.911  58.944  56.000
770  0.897  0.911  58.917  56.000
771  0.897  0.911  58.917  56.000
772  0.897  0.911  58.806  56.000
773  0.896  0.911  59.000  56.000
774  0.896  0.910  58.972  56.000
775  0.896  0.910  59.028  56.000
776  0.897  0.911  58.861  56.000
777  0.896  0.910  59.056  56.000
778  0.897  0.911  59.028  56.000
779  0.896  0.910  59.056  56.000
780  0.896  0.910  58.972  56.000
781  0.897  0.911  59.028  56.000
782  0.896  0.910  59.028  56.000
783  0.896  0.910  59.000  55.750
784  0.896  0.910  59.083  56.000
785  0.896  0.910  58.972  55.750
786  0.896  0.910  59.056  56.000
787  0.896  0.909  59.056  56.000
788  0.896  0.910  59.028  55.750
789  0.896  0.910  59.056  56.000
790  0.896  0.910  59.000  55.750
791  0.896  0.909  59.111  56.000
792  0.895  0.909  59.083  56.000
793  0.896  0.910  59.083  55.750
794  0.895  0.909  59.250  56.000
795  0.896  0.909  59.111  55.750
796  0.897  0.911  59.139  56.000
797  0.896  0.911  59.111  56.000
798  0.896  0.911  59.167  56.000
799  0.896  0.910  59.222  56.000
800  0.896  0.910  59.222  56.000
801  0.896  0.910  59.250  56.000
802  0.896  0.911  59.278  55.750
803  0.896  0.910  59.194  56.000
804  0.896  0.910  59.028  55.750
805  0.896  0.910  59.278  56.000
806  0.896  0.910  59.111  55.750
807  0.895  0.910  59.333  56.000
808  0.896  0.910  59.167  56.000
809  0.895  0.910  59.278  56.000
810  0.896  0.912  59.222  55.750
811  0.896  0.912  59.111  55.750
812  0.896  0.911  59.167  56.000
813  0.896  0.911  59.000  56.000
814  0.896  0.910  59.222  56.000
815  0.895  0.911  59.278  56.000
816  0.896  0.910  59.222  56.000
817  0.895  0.910  59.167  56.000
818  0.895  0.910  59.194  56.000
819  0.896  0.909  59.222  56.000
820  0.895  0.909  59.250  56.000
821  0.895  0.910  59.139  55.750
822  0.895  0.909  59.361  56.000
823  0.897  0.912  59.167  56.000
824  0.896  0.912  59.056  56.000
825  0.896  0.911  59.194  56.000
826  0.896  0.911  59.167  55.750
827  0.896  0.911  59.250  56.000
828  0.895  0.910  59.250  56.000
829  0.895  0.910  59.111  56.000
830  0.896  0.910  59.278  56.000
831  0.895  0.909  59.250  56.250
832  0.896  0.909  59.167  56.000
833  0.895  0.909  59.222  56.250
834  0.895  0.909  59.250  56.000
835  0.895  0.909  59.250  56.250
836  0.895  0.910  59.139  55.750
837  0.897  0.911  59.306  56.000
838  0.896  0.911  59.167  56.000
839  0.896  0.910  59.222  55.750
840  0.896  0.911  59.194  56.000
841  0.895  0.910  59.194  56.000
842  0.895  0.909  59.194  56.000
843  0.895  0.909  59.167  56.000
844  0.895  0.909  59.167  56.250
845  0.895  0.909  59.139  56.250
846  0.895  0.909  59.167  56.250
847  0.895  0.909  59.194  56.250
848  0.895  0.909  59.222  56.000
849  0.895  0.908  59.278  56.250
850  0.895  0.913  59.167  56.250
851  0.895  0.911  59.167  56.250
852  0.896  0.912  59.167  56.000
853  0.895  0.910  59.194  56.000
854  0.895  0.911  59.111  56.000
855  0.895  0.910  59.194  56.000
856  0.895  0.909  59.278  56.000
857  0.895  0.909  59.222  56.000
858  0.895  0.909  59.222  56.250
859  0.895  0.909  59.167  56.250
860  0.895  0.909  59.139  56.000
861  0.895  0.909  59.194  56.000
862  0.894  0.908  59.194  56.000
863  0.895  0.908  59.139  56.000
864  0.895  0.909  59.222  56.000
865  0.895  0.911  59.278  56.000
866  0.895  0.910  59.222  56.250
867  0.895  0.910  59.139  55.750
868  0.895  0.909  59.222  56.000
869  0.895  0.909  59.194  56.000
870  0.895  0.909  59.194  56.000
871  0.895  0.908  59.194  56.000
872  0.895  0.909  59.167  56.000
873  0.894  0.908  59.222  56.000
874  0.895  0.909  59.194  55.750
875  0.894  0.908  59.222  56.000
876  0.895  0.911  59.194  55.500
877  0.895  0.910  59.194  56.000
878  0.895  0.909  59.139  55.500
879  0.895  0.909  59.167  56.000
880  0.895  0.909  59.194  55.750
881  0.895  0.909  59.167  55.750
882  0.894  0.908  59.194  55.750
883  0.895  0.909  59.194  56.000
884  0.894  0.908  59.194  55.750
885  0.895  0.908  59.167  56.000
886  0.894  0.908  59.222  55.750
887  0.896  0.910  59.194  55.750
888  0.895  0.910  59.306  55.750
889  0.895  0.909  59.111  55.500
890  0.895  0.909  59.167  55.750
891  0.895  0.909  59.167  55.750
892  0.894  0.908  59.139  55.750
893  0.895  0.909  59.056  56.000
894  0.894  0.908  59.139  55.750
895  0.895  0.909  59.111  55.750
896  0.894  0.908  59.083  55.750
897  0.895  0.908  59.139  55.750
898  0.894  0.908  59.167  55.750
899  0.894  0.908  59.167  55.750
900  0.894  0.909  59.167  55.750
901  0.895  0.909  59.250  55.750
902  0.894  0.909  59.111  55.750
903  0.895  0.909  59.083  55.750
904  0.894  0.909  59.000  55.500
905  0.894  0.909  59.028  55.750
906  0.894  0.909  59.000  55.750
907  0.894  0.908  59.056  55.750
908  0.895  0.909  59.139  55.750
909  0.894  0.907  59.278  55.500
910  0.894  0.909  59.111  55.750
911  0.894  0.907  59.278  55.500
912  0.894  0.909  59.056  55.750
913  0.894  0.907  59.250  55.250
914  0.894  0.909  59.083  55.750
915  0.894  0.907  59.306  55.250
916  0.894  0.910  59.167  55.500
917  0.894  0.909  59.333  55.500
918  0.894  0.909  59.083  55.750
919  0.894  0.908  59.194  55.500
920  0.894  0.908  59.194  55.750
921  0.894  0.908  59.194  55.750
922  0.894  0.908  59.028  56.000
923  0.894  0.908  59.083  56.000
924  0.894  0.908  59.278  55.750
925  0.894  0.907  59.222  55.250
926  0.894  0.907  59.278  55.750
927  0.893  0.908  59.194  55.250
928  0.894  0.908  59.194  55.750
929  0.894  0.907  59.222  55.250
930  0.894  0.907  59.278  55.750
931  0.894  0.908  59.194  55.250
932  0.894  0.908  59.083  55.750
933  0.894  0.908  59.222  55.500
934  0.894  0.907  59.139  55.750
935  0.894  0.908  58.944  56.000
936  0.894  0.907  59.250  55.750
937  0.894  0.907  59.306  55.750
938  0.894  0.909  59.222  55.500
939  0.894  0.909  59.194  55.750
940  0.894  0.908  59.194  55.500
941  0.894  0.908  59.111  55.750
942  0.894  0.908  59.194  55.500
943  0.894  0.908  59.083  56.000
944  0.894  0.907  59.139  55.500
945  0.894  0.908  59.028  56.000
946  0.894  0.907  59.222  55.250
947  0.894  0.907  59.194  55.250
948  0.893  0.906  59.222  55.250
949  0.894  0.908  59.222  55.500
950  0.894  0.908  59.139  55.250
951  0.894  0.907  59.083  55.250
952  0.894  0.907  59.083  55.250
953  0.894  0.907  59.139  55.250
954  0.893  0.907  59.111  55.250
955  0.894  0.907  59.167  55.250
956  0.893  0.906  59.194  55.250
957  0.894  0.907  59.222  55.250
958  0.893  0.907  59.250  55.250
959  0.893  0.906  59.139  55.250
960  0.894  0.907  59.194  55.250
961  0.893  0.906  59.167  55.250
962  0.894  0.907  59.222  55.250
963  0.893  0.906  59.194  55.250
964  0.894  0.908  59.139  55.250
965  0.894  0.907  59.167  55.250
966  0.893  0.907  59.083  55.250
967  0.893  0.906  59.139  55.250
968  0.894  0.907  59.139  55.250
969  0.893  0.906  59.194  55.250
970  0.894  0.906  59.194  55.250
971  0.893  0.905  59.167  55.250
972  0.894  0.907  59.139  55.250
973  0.893  0.906  59.111  55.250
974  0.893  0.906  59.083  55.250
975  0.893  0.906  59.194  55.250
976  0.893  0.906  59.194  55.250
977  0.895  0.908  59.028  55.250
978  0.894  0.908  59.222  55.250
979  0.894  0.907  59.139  55.250
980  0.894  0.908  59.056  55.750
981  0.893  0.907  59.306  56.000
982  0.893  0.907  59.250  56.000
983  0.894  0.907  59.250  55.750
984  0.893  0.907  59.417  56.000
985  0.894  0.907  59.306  55.750
986  0.893  0.906  59.361  55.000
987  0.893  0.906  59.194  55.000
988  0.893  0.906  59.278  55.000
989  0.893  0.905  59.139  55.000
990  0.893  0.906  59.194  55.000
991  0.893  0.907  59.278  55.500
992  0.894  0.907  59.083  55.000
993  0.893  0.907  59.194  55.000
994  0.893  0.906  59.139  55.000
995  0.893  0.906  59.167  55.000
996  0.893  0.906  59.083  55.000
997  0.893  0.906  59.167  55.000
998  0.893  0.906  59.167  55.000
999  0.893  0.906  59.250  55.000
1000  0.893  0.905  59.250  55.000
