1  2.504  2.002  29.361  30.250
2  2.289  10.151  30.889  42.000
3  1.991  1.329  31.917  47.750
4  1.874  1.345  32.722  36.500
5  1.832  1.319  34.528  37.750
6  1.741  1.315  34.778  37.750
7  1.663  1.654  35.611  41.250
8  1.683  1.280  36.056  44.250
9  1.678  1.394  36.500  46.000
10  1.611  1.305  36.417  44.500
11  1.556  1.249  37.139  46.000
12  1.557  1.398  37.444  47.000
13  1.534  1.313  38.361  46.250
14  1.448  1.234  38.972  48.000
15  1.463  1.287  41.028  48.000
16  1.438  1.303  39.722  34.000
17  1.418  1.350  39.889  46.000
18  1.429  1.299  41.194  41.000
19  1.386  1.238  40.806  51.250
20  1.354  1.243  41.389  47.250
21  1.335  1.221  42.167  47.250
22  1.327  1.209  42.083  46.750
23  1.308  1.205  42.139  49.750
24  1.299  1.216  42.000  48.500
25  1.293  1.213  42.639  44.500
26  1.285  1.266  42.111  46.000
27  1.274  1.186  42.972  46.500
28  1.271  1.180  42.750  47.000
29  1.254  1.191  43.000  45.500
30  1.238  1.194  42.583  47.250
31  1.238  1.211  42.750  45.250
32  1.237  1.222  43.944  44.750
33  1.224  1.193  44.361  43.750
34  1.227  1.228  43.333  39.000
35  1.230  1.235  42.500  41.500
36  1.221  1.225  43.306  42.000
37  1.228  1.210  43.139  50.000
38  1.228  1.204  43.417  46.750
39  1.205  1.200  44.417  48.000
40  1.210  1.213  43.917  46.750
41  1.211  1.195  43.639  49.750
42  1.208  1.201  44.194  45.500
43  1.201  1.209  43.722  47.000
44  1.198  1.180  44.139  47.250
45  1.184  1.216  44.917  47.250
46  1.185  1.166  44.222  48.250
47  1.179  1.179  44.472  49.000
48  1.188  1.187  45.417  51.000
49  1.175  1.190  46.167  47.500
50  1.173  1.176  45.528  48.000
51  1.178  1.199  45.417  49.000
52  1.168  1.218  44.222  45.250
53  1.174  1.216  45.583  47.250
54  1.164  1.179  45.361  49.000
55  1.159  1.172  45.778  46.000
56  1.175  1.251  44.389  41.250
57  1.166  1.180  46.528  45.250
58  1.151  1.180  46.806  44.000
59  1.148  1.185  47.556  49.000
60  1.144  1.194  47.167  46.000
61  1.134  1.179  48.000  46.250
62  1.136  1.223  49.000  50.250
63  1.134  1.235  48.056  45.250
64  1.130  1.224  47.722  40.000
65  1.129  1.181  48.583  41.750
66  1.140  1.281  47.944  37.500
67  1.150  1.153  47.417  50.500
68  1.134  1.172  47.639  47.500
69  1.137  1.202  48.056  49.500
70  1.118  1.228  47.944  44.750
71  1.103  1.365  49.861  40.500
72  1.103  1.420  49.722  40.250
73  1.111  1.243  48.639  42.500
74  1.105  1.389  48.750  36.750
75  1.084  1.402  50.806  32.750
76  1.098  1.209  49.583  48.250
77  1.088  1.235  51.056  43.250
78  1.084  1.272  50.667  39.250
79  1.080  1.242  51.333  42.750
80  1.062  1.235  51.306  49.000
81  1.054  1.223  52.222  44.000
82  1.082  1.256  51.000  47.750
83  1.069  1.207  51.361  48.000
84  1.060  1.247  51.444  49.750
85  1.054  1.276  52.722  44.250
86  1.090  1.215  49.917  47.250
87  1.091  1.295  50.361  39.000
88  1.063  1.338  51.417  45.000
89  1.055  1.340  52.472  42.500
90  1.047  1.320  52.389  41.250
91  1.060  1.262  50.500  48.250
92  1.034  1.249  53.639  49.000
93  1.028  1.278  54.167  39.000
94  1.034  1.313  53.250  39.000
95  1.067  1.326  51.111  36.250
96  1.020  1.332  54.667  39.250
97  1.015  1.312  54.917  40.500
98  1.025  1.258  54.306  43.000
99  1.014  1.238  54.222  43.750
100  1.013  1.323  53.611  45.250
101  1.031  1.261  53.972  42.750
102  1.018  1.343  55.806  35.750
103  1.010  1.196  56.056  46.750
104  1.002  1.315  54.278  46.750
105  1.006  1.297  55.000  51.750
106  0.999  1.349  54.778  48.250
107  1.009  1.229  54.694  51.500
108  0.988  1.311  56.528  46.500
109  0.997  1.253  54.778  49.000
110  1.004  1.256  53.806  50.750
111  1.014  1.321  54.417  46.500
112  0.986  1.340  55.611  48.250
113  0.970  1.296  55.750  48.000
114  0.975  1.348  56.639  42.750
115  0.952  1.312  56.694  46.000
116  0.964  1.444  57.250  40.500
117  0.956  1.663  57.194  46.250
118  0.947  1.561  57.556  45.750
119  0.921  1.809  58.583  40.000
120  0.914  1.828  58.889  46.000
121  0.929  2.065  58.667  34.750
122  0.936  1.638  58.250  45.750
123  0.922  1.825  59.667  42.500
124  0.908  1.609  59.333  39.250
125  0.899  1.728  60.639  36.000
126  0.909  1.604  59.694  48.250
127  0.868  1.436  61.667  37.500
128  0.922  1.381  58.444  43.500
129  0.873  1.471  61.889  44.000
130  0.894  1.642  59.556  37.750
131  0.842  1.497  61.917  38.250
132  0.878  1.527  61.333  45.500
133  0.873  1.487  61.278  37.500
134  0.895  1.621  60.750  39.250
135  0.857  1.787  62.611  35.500
136  0.846  1.593  62.972  42.500
137  0.862  1.756  61.306  29.000
138  0.840  2.018  62.222  30.500
139  0.865  1.772  62.111  30.250
140  0.815  2.818  64.444  29.000
141  0.810  2.291  65.556  29.250
142  0.797  8.270  65.167  20.000
143  0.791  2.381  65.361  30.000
144  0.735  1.667  67.917  34.500
145  0.755  6.894  67.361  21.000
146  0.741  4.484  67.806  23.000
147  0.740  4.117  69.250  17.500
148  0.770  1.598  67.250  34.500
149  0.845  2.141  63.028  29.000
150  0.705  7.036  69.611  19.000
151  0.728  7.684  69.389  23.000
152  0.686  5.076  70.861  21.000
153  0.620  11.653  73.806  18.500
154  0.652  16.440  72.472  20.250
155  0.841  2.237  63.750  28.000
156  0.922  1.402  60.611  45.000
157  0.828  1.908  63.861  35.000
158  0.762  2.118  67.278  36.500
159  0.766  1.854  66.972  30.250
160  0.724  6.227  68.778  20.500
161  0.746  3.687  67.556  32.500
162  0.766  1.688  66.667  35.250
163  0.755  1.618  68.250  37.500
164  0.741  1.992  68.306  34.250
165  0.743  1.749  68.222  45.250
166  0.721  1.603  68.722  41.250
167  0.696  2.785  69.861  22.500
168  0.677  1.503  71.861  46.500
169  0.706  1.840  69.639  28.500
170  0.676  2.632  71.306  29.500
171  0.702  1.717  70.056  42.750
172  0.609  12.610  74.278  21.000
173  0.602  8.844  74.361  21.000
174  0.596  5.029  74.417  22.500
175  0.555  2.298  76.917  36.000
176  0.671  1.984  72.583  35.250
177  0.650  1.512  72.028  40.500
178  0.691  1.666  70.278  36.250
179  0.750  2.056  68.056  34.000
180  0.643  2.006  71.972  41.750
181  0.647  1.908  72.000  38.500
182  0.594  1.702  74.250  36.500
183  0.623  1.687  73.056  36.000
184  0.606  1.562  74.417  42.750
185  0.645  1.985  72.472  34.750
186  0.607  2.097  74.056  38.500
187  0.612  2.081  73.750  39.250
188  0.676  1.609  71.306  37.500
189  0.668  1.571  71.250  38.750
190  0.633  1.742  72.389  48.500
191  0.570  1.732  75.361  42.000
192  0.554  1.738  75.944  41.250
193  0.547  1.624  76.972  48.250
194  0.553  1.922  75.917  43.250
195  0.589  1.687  74.667  46.250
196  0.571  1.564  75.278  40.750
197  0.547  1.702  76.056  41.500
198  0.580  2.021  75.722  41.000
199  0.597  2.206  74.222  45.500
200  0.568  2.057  75.472  38.000
