1  2.100  1.586  32.278  39.250
2  1.729  1.326  35.861  38.000
3  1.706  1.572  35.056  39.250
4  1.583  1.775  37.028  39.250
5  1.568  1.942  35.500  34.500
6  1.445  1.272  37.361  43.750
7  1.345  1.273  39.972  42.750
8  1.320  1.447  40.556  42.250
9  1.211  2.050  44.167  33.750
10  1.095  4.143  49.861  20.500
11  1.064  1.336  49.583  46.250
12  1.036  3.073  51.694  20.500
13  1.005  1.263  52.361  39.500
14  0.990  0.942  52.944  56.000
15  0.986  3.584  52.778  21.250
16  0.983  1.197  53.722  44.750
17  0.961  3.638  55.556  21.250
18  0.954  1.360  54.750  41.500
19  0.959  2.488  54.944  23.250
20  0.956  4.563  55.361  20.500
21  0.951  4.623  55.389  20.500
22  0.951  1.776  56.444  30.500
23  0.942  4.813  55.083  20.500
24  0.937  2.172  55.583  22.500
25  0.931  1.005  55.861  53.500
26  0.927  3.815  56.167  20.500
27  0.923  3.463  57.167  20.500
28  0.919  1.159  58.389  46.750
29  0.917  2.941  57.972  22.000
30  0.916  2.016  57.583  33.750
31  0.913  7.200  57.111  20.500
32  0.906  5.032  58.111  20.500
33  0.915  3.824  56.556  25.250
34  0.916  4.515  57.444  20.500
35  0.899  1.792  58.556  45.000
36  0.914  2.471  57.167  21.750
37  0.899  2.724  58.944  28.250
38  0.934  0.924  56.806  58.250
39  0.897  4.658  57.944  20.500
40  0.898  3.108  57.417  24.500
41  0.886  3.527  58.528  20.500
42  0.892  1.907  58.083  31.250
43  0.872  1.804  59.000  26.500
44  0.882  2.951  58.889  20.500
45  0.886  2.531  58.889  23.500
46  0.877  3.465  59.250  20.500
47  0.867  1.930  60.083  37.500
48  0.872  1.097  60.389  53.250
49  0.871  3.037  59.278  27.000
50  0.864  1.622  59.111  40.250
51  0.862  3.304  59.889  20.500
52  0.862  2.861  61.333  21.750
53  0.859  0.959  60.417  58.000
54  0.851  1.667  60.917  30.250
55  0.844  3.557  60.722  21.000
56  0.840  2.857  61.694  31.250
57  0.834  1.123  62.250  52.250
58  0.822  3.044  62.444  24.750
59  0.809  5.667  62.944  20.250
60  0.825  3.559  61.944  21.000
61  0.808  1.077  63.194  52.750
62  0.825  4.924  62.861  20.500
63  0.802  1.940  63.472  37.500
64  0.789  5.574  63.556  20.500
65  0.777  5.616  64.361  24.750
66  0.773  7.815  64.583  21.500
67  0.783  14.019  64.861  20.500
68  0.757  9.181  66.361  20.500
69  0.750  20.602  65.889  20.500
70  0.748  2.849  65.306  23.500
71  0.728  11.841  68.056  20.500
72  0.727  5.836  67.111  29.000
73  0.720  1.185  66.667  58.000
74  0.734  1.982  66.583  38.000
75  0.710  5.309  67.833  21.750
76  0.690  6.421  67.278  22.500
77  0.692  1.321  68.639  58.750
78  0.681  3.133  69.722  33.750
79  0.664  10.836  69.611  25.750
80  0.676  4.239  69.111  25.250
81  0.659  8.360  69.972  22.750
82  0.645  10.675  71.306  28.000
83  0.627  12.193  72.139  24.500
84  0.598  4.917  72.528  27.750
85  0.636  5.798  71.528  36.750
86  0.591  5.501  72.861  24.000
87  0.562  4.273  74.972  30.250
88  0.559  3.591  75.028  25.500
89  0.583  17.420  73.722  26.250
90  0.529  2.505  76.194  46.500
91  0.523  10.022  76.667  28.000
92  0.482  93.690  78.306  18.750
93  0.530  27.863  76.694  22.750
94  0.487  41.044  78.611  21.250
95  0.460  14.625  80.500  28.250
96  0.463  70.223  80.139  20.750
97  0.448  32.362  80.694  23.500
98  0.435  8.061  80.500  37.000
99  0.404  15.448  83.278  26.500
100  0.399  1.732  83.194  45.750
101  0.393  2.707  83.278  44.750
102  0.361  4.998  84.528  43.000
103  0.349  6.625  85.222  41.500
104  0.366  4.332  84.889  47.750
105  0.354  3.958  86.639  36.000
106  0.301  4.491  87.944  43.500
107  0.309  7.810  87.250  25.750
108  0.320  6.420  87.500  31.000
109  0.291  3.329  88.306  45.250
110  0.272  30.065  88.944  20.500
111  0.295  18.051  88.444  22.250
112  0.282  10.469  89.500  26.000
113  0.263  4.796  89.417  35.750
114  0.279  39.178  89.389  20.500
115  0.258  90.646  89.750  20.500
116  0.209  7.939  92.028  29.500
117  0.209  3.462  92.444  47.500
118  0.188  7.375  93.333  29.750
119  0.250  4.864  90.583  39.750
120  0.171  9.880  93.528  23.250
121  0.189  3.918  93.417  52.000
122  0.313  38.351  89.139  20.500
123  0.199  2.350  92.417  54.750
124  0.149  17.794  94.139  25.250
125  0.176  5.996  93.528  29.000
126  0.179  2.336  93.444  61.000
127  0.148  16.553  94.444  27.250
128  0.190  10.863  93.333  23.500
129  0.186  2.249  93.250  52.750
130  0.109  24.882  95.861  21.250
131  0.165  3.921  94.639  38.250
132  0.129  25.195  95.389  21.000
133  0.117  12.534  96.028  26.000
134  0.145  10.230  95.444  23.500
135  0.107  4.704  96.083  47.500
136  0.117  4.632  96.111  39.000
137  0.099  16.118  96.194  21.000
138  0.180  5.132  94.083  46.250
139  0.176  5.045  94.139  51.250
140  0.130  12.510  95.972  23.250
141  0.102  5.175  96.444  46.000
142  0.118  16.284  96.278  29.750
143  0.088  4.009  97.167  51.500
144  0.126  4.376  96.167  38.500
145  0.103  8.624  96.583  37.250
146  0.108  7.308  96.472  25.750
147  0.103  8.746  96.500  26.500
148  0.095  16.971  97.333  22.250
149  0.101  2.684  96.778  56.750
150  0.083  2.550  97.167  52.250
151  0.103  2.568  96.861  53.250
152  0.058  37.559  98.222  28.750
153  0.130  2.641  96.333  51.750
154  0.105  4.342  96.444  39.000
155  0.061  6.092  97.972  30.500
156  0.078  4.510  97.417  39.250
157  0.097  58.771  96.889  28.750
158  0.108  2.998  96.861  50.000
159  0.125  3.770  96.389  40.500
160  0.150  40.481  95.889  34.000
161  0.126  4.257  96.528  48.500
162  0.130  3.371  95.500  54.500
163  0.097  4.736  96.833  43.250
164  0.073  7.244  97.500  45.750
165  0.117  2.773  96.222  56.500
166  0.086  3.298  97.306  50.250
167  0.042  11.238  98.639  39.250
168  0.083  37.815  97.556  32.750
169  0.121  4.873  96.083  37.500
170  0.095  21.365  97.111  21.750
171  0.110  1.809  96.917  66.500
172  0.063  2.550  98.194  56.500
173  0.034  2.606  98.972  60.000
174  0.068  3.921  97.917  42.500
175  0.190  9.241  94.333  25.000
176  0.067  2.666  97.861  58.000
177  0.065  4.419  98.278  55.500
178  0.113  7.206  96.556  32.000
179  0.066  1.986  98.028  60.000
180  0.045  3.904  98.639  49.000
181  0.060  2.626  98.139  59.250
182  0.060  3.125  98.333  52.000
183  0.132  15.599  95.806  47.250
184  0.167  2.715  95.389  54.250
185  0.091  4.559  97.472  38.000
186  0.086  2.553  97.306  60.000
187  0.050  16.544  98.278  45.750
188  0.052  6.063  98.028  54.000
189  0.073  3.880  97.861  45.000
190  0.044  3.163  98.944  49.500
191  0.052  7.984  98.028  56.750
192  0.112  22.008  96.611  41.750
193  0.105  4.870  96.556  53.000
194  0.062  2.715  98.111  58.500
195  0.065  3.748  98.139  59.500
196  0.049  11.437  98.472  42.500
197  0.066  9.620  98.056  23.000
198  0.074  3.182  98.056  59.500
199  0.109  3.021  96.806  61.000
200  0.052  4.009  98.417  45.500
