1  1.929  2.407  31.417  24.000
2  1.844  1.533  33.083  38.750
3  1.745  1.381  35.722  36.000
4  1.699  1.421  35.417  37.250
5  1.582  1.412  36.667  41.000
6  1.519  1.318  36.583  38.750
7  1.442  1.335  35.750  40.000
8  1.422  1.320  35.694  40.750
9  1.408  1.387  36.694  41.000
10  1.363  1.302  37.500  37.250
11  1.352  1.432  36.500  40.000
12  1.335  1.301  37.556  40.750
13  1.339  1.360  37.333  38.250
14  1.318  1.291  37.750  39.000
15  1.315  1.383  37.194  40.000
16  1.319  1.309  36.944  40.000
17  1.312  1.294  36.861  40.750
18  1.316  1.323  37.389  40.000
19  1.304  1.308  37.139  40.000
20  1.302  1.283  38.139  44.250
21  1.301  1.292  38.417  42.250
22  1.300  1.285  38.417  45.250
23  1.299  1.300  38.611  41.500
24  1.287  1.289  39.417  41.250
25  1.283  1.259  40.639  43.000
26  1.307  1.300  37.917  42.500
27  1.287  1.259  39.194  45.000
28  1.278  1.303  39.472  40.500
29  1.276  1.284  38.722  42.000
30  1.278  1.316  40.083  28.000
31  1.185  1.647  43.528  31.250
32  1.070  1.091  49.361  48.750
33  1.045  1.161  51.056  52.250
34  0.999  1.162  51.972  45.500
35  0.981  2.215  52.944  29.250
36  0.959  3.480  55.111  23.000
37  0.952  0.944  54.611  56.000
38  0.934  0.923  55.139  59.750
39  0.939  1.349  56.139  44.000
40  0.933  1.200  56.083  51.000
41  0.926  2.483  56.139  29.000
42  0.917  1.733  55.694  27.750
43  0.924  1.141  56.333  54.750
44  0.915  4.904  56.861  22.250
45  0.911  1.227  57.806  48.750
46  0.908  1.690  57.194  36.000
47  0.902  1.111  57.722  55.250
48  0.906  2.516  57.361  33.500
49  0.905  1.961  57.722  34.500
50  0.895  3.154  57.694  29.000
51  0.890  1.331  57.083  51.000
52  0.905  1.549  56.833  30.750
53  0.876  1.094  57.806  54.500
54  0.884  3.417  58.361  26.000
55  0.888  4.089  58.333  23.500
56  0.886  0.944  58.139  56.500
57  0.882  1.876  57.806  40.250
58  0.874  1.110  58.694  51.250
59  0.867  1.240  58.444  50.750
60  0.865  1.076  58.444  56.500
61  0.866  1.255  59.306  44.750
62  0.858  1.949  59.556  38.000
63  0.861  2.025  59.361  25.750
64  0.843  1.177  59.361  47.250
65  0.858  0.933  58.778  57.500
66  0.830  1.115  60.972  51.000
67  0.833  1.203  60.444  45.750
68  0.839  1.151  59.472  51.750
69  0.836  1.424  60.111  42.000
70  0.821  1.080  60.333  54.750
71  0.837  1.956  60.139  32.250
72  0.823  5.541  59.611  21.000
73  0.814  0.979  60.083  57.500
74  0.808  2.106  59.806  32.750
75  0.803  0.988  60.528  54.250
76  0.792  3.109  61.528  27.250
77  0.804  1.246  61.778  45.000
78  0.782  1.130  61.778  52.250
79  0.766  1.592  62.333  40.750
80  0.776  2.236  63.083  32.250
81  0.766  1.273  62.861  54.000
82  0.757  1.064  63.417  56.750
83  0.739  1.105  64.583  60.250
84  0.754  1.563  62.389  43.500
85  0.747  2.471  62.722  31.000
86  0.727  2.720  63.972  29.250
87  0.721  3.417  65.139  34.000
88  0.737  1.484  64.250  43.000
89  0.713  3.012  65.750  32.500
90  0.711  3.124  64.500  32.750
91  0.697  1.479  66.250  43.000
92  0.693  1.574  66.722  40.000
93  0.679  1.229  66.528  53.000
94  0.658  3.047  67.667  28.500
95  0.672  2.367  67.194  36.750
96  0.648  2.689  67.306  36.250
97  0.659  1.763  67.833  45.250
98  0.636  2.906  68.917  32.000
99  0.644  1.235  68.667  55.750
100  0.626  7.693  68.861  30.250
101  0.625  1.121  69.611  55.500
102  0.628  1.416  69.556  45.250
103  0.597  1.249  71.333  57.250
104  0.583  1.660  71.194  51.750
105  0.571  1.447  72.139  48.750
106  0.586  1.895  72.722  41.750
107  0.536  2.309  74.194  46.000
108  0.514  2.840  74.694  42.750
109  0.555  2.725  73.861  39.500
110  0.559  2.337  73.750  42.000
111  0.509  1.792  76.056  48.500
112  0.499  3.372  76.417  39.500
113  0.491  1.722  77.389  46.750
114  0.477  4.455  77.889  33.500
115  0.472  5.285  77.639  35.500
116  0.461  5.418  78.361  35.500
117  0.432  9.885  80.556  32.500
118  0.486  2.525  78.194  45.750
119  0.423  4.362  82.000  32.500
120  0.399  2.050  82.444  48.250
121  0.391  2.145  83.139  51.750
122  0.393  3.627  82.556  44.750
123  0.381  4.683  83.000  37.250
124  0.392  5.177  83.639  33.750
125  0.379  2.391  84.528  51.000
126  0.372  5.258  85.444  33.000
127  0.370  2.336  85.611  49.750
128  0.348  2.353  85.667  48.000
129  0.297  2.341  88.278  48.000
130  0.299  2.005  88.389  49.250
131  0.321  4.319  88.306  39.750
132  0.335  1.951  86.833  50.500
133  0.247  4.636  90.528  37.500
134  0.260  3.028  90.056  44.750
135  0.246  9.563  90.861  30.500
136  0.323  1.851  88.694  49.250
137  0.263  2.541  90.500  52.250
138  0.230  2.427  90.917  51.750
139  0.240  1.903  90.917  53.750
140  0.263  4.044  90.528  39.000
141  0.222  3.185  91.944  46.500
142  0.262  5.365  90.806  31.000
143  0.203  9.201  92.361  30.750
144  0.187  8.902  93.444  27.250
145  0.181  2.448  93.417  53.250
146  0.188  3.553  94.000  42.000
147  0.245  3.036  91.778  39.750
148  0.179  4.056  93.778  36.250
149  0.178  2.698  93.722  48.250
150  0.147  4.206  95.056  38.250
151  0.148  2.641  94.778  47.500
152  0.165  2.738  94.722  49.500
153  0.136  3.822  95.639  42.750
154  0.146  4.990  94.667  33.750
155  0.146  11.686  94.750  30.000
156  0.140  4.040  95.111  36.000
157  0.160  4.459  94.833  36.000
158  0.189  4.234  93.778  36.500
159  0.107  7.017  96.083  31.500
160  0.137  6.719  95.583  32.000
161  0.144  3.050  95.194  43.750
162  0.126  5.021  96.167  36.000
163  0.094  4.894  96.528  37.750
164  0.147  3.592  95.250  36.750
165  0.116  2.883  96.222  51.250
166  0.148  4.610  95.500  33.500
167  0.093  3.517  97.000  45.250
168  0.131  2.532  95.556  55.000
169  0.113  4.805  96.750  37.750
170  0.080  7.303  97.389  30.750
171  0.121  3.899  96.250  37.750
172  0.119  3.974  96.306  41.000
173  0.078  3.226  97.361  52.500
174  0.100  4.478  97.139  37.250
175  0.120  3.029  96.306  50.750
176  0.107  7.278  97.056  26.750
177  0.099  6.077  97.250  33.500
178  0.135  5.707  95.722  31.750
179  0.084  3.549  97.667  44.750
180  0.106  3.446  96.528  49.500
181  0.101  3.659  96.722  45.000
182  0.091  4.515  97.083  38.250
183  0.050  4.180  98.278  43.750
184  0.070  3.972  97.583  44.500
185  0.061  4.307  98.389  50.750
186  0.088  2.959  97.028  48.000
187  0.090  3.163  97.139  44.750
188  0.151  3.427  95.333  50.750
189  0.105  2.913  96.917  54.000
190  0.073  4.746  97.861  42.750
191  0.080  4.528  97.500  43.000
192  0.108  4.459  96.889  39.250
193  0.070  3.113  97.500  52.000
194  0.063  2.734  98.194  52.500
195  0.089  3.377  97.139  45.750
196  0.065  2.901  98.111  54.250
197  0.052  3.635  98.500  54.000
198  0.053  4.892  98.333  50.250
199  0.055  4.062  98.333  47.000
200  0.081  4.853  97.750  33.750
