1  2.040  2.170  30.972  35.750
2  1.880  2.338  34.306  35.750
3  1.782  2.057  36.139  31.000
4  1.669  1.933  36.194  30.750
5  1.566  1.589  37.583  31.250
6  1.490  1.411  37.278  37.250
7  1.424  1.451  38.028  38.000
8  1.374  1.362  39.139  37.000
9  1.356  1.393  38.806  34.750
10  1.334  1.362  38.722  37.250
11  1.307  1.354  39.639  36.750
12  1.300  1.370  39.361  35.000
13  1.297  1.343  39.528  38.250
14  1.291  1.313  40.611  41.000
15  1.287  1.376  40.333  35.250
16  1.291  1.348  39.500  37.750
17  1.292  1.347  39.417  38.750
18  1.285  1.342  40.056  37.250
19  1.278  1.346  40.417  38.000
20  1.284  1.325  39.889  39.500
21  1.281  1.366  40.361  35.250
22  1.282  1.334  39.167  39.500
23  1.276  1.310  39.972  39.500
24  1.198  1.242  44.417  39.750
25  1.107  1.191  47.917  46.000
26  1.052  1.191  50.528  48.250
27  1.017  1.143  52.083  47.250
28  0.996  1.160  52.333  49.000
29  0.976  1.167  53.444  49.000
30  0.973  1.183  54.611  47.000
31  0.974  1.195  54.306  49.000
32  0.959  1.142  54.694  49.750
33  0.960  1.141  54.528  51.250
34  0.958  1.151  55.111  50.750
35  0.943  1.140  55.694  52.500
36  0.938  1.127  56.361  52.000
37  0.948  1.101  55.472  53.000
38  0.930  1.090  56.500  52.750
39  0.918  1.169  57.028  47.750
40  0.918  1.102  56.889  54.750
41  0.918  1.116  57.528  53.250
42  0.918  1.110  57.222  54.500
43  0.906  1.182  57.778  50.500
44  0.904  1.179  57.889  53.000
45  0.903  1.210  56.556  51.250
46  0.887  1.150  57.861  53.250
47  0.890  1.196  58.833  51.250
48  0.875  1.267  58.889  48.750
49  0.891  1.200  58.389  50.750
50  0.888  1.204  58.583  53.500
51  0.893  1.214  58.000  49.750
52  0.879  1.261  59.750  51.250
53  0.871  1.222  58.861  52.250
54  0.867  1.238  58.972  51.000
55  0.862  1.209  59.361  55.500
56  0.861  1.292  59.944  49.000
57  0.866  1.276  59.861  52.500
58  0.849  1.293  59.472  51.000
59  0.842  1.349  60.250  50.500
60  0.844  1.311  59.806  52.500
61  0.846  1.265  60.667  56.250
62  0.825  1.335  61.417  52.750
63  0.833  1.261  60.806  53.000
64  0.831  1.335  62.667  49.750
65  0.842  1.372  60.222  52.250
66  0.815  1.406  61.222  49.000
67  0.810  1.411  61.889  50.000
68  0.807  1.313  61.722  50.500
69  0.808  1.508  63.083  47.500
70  0.796  1.379  63.139  49.750
71  0.778  1.571  63.222  47.000
72  0.780  1.552  63.306  49.250
73  0.782  1.458  63.556  49.750
74  0.767  1.679  64.056  47.500
75  0.755  1.675  65.028  48.500
76  0.768  1.588  63.917  47.750
77  0.757  1.719  64.611  45.500
78  0.749  1.729  65.028  47.750
79  0.736  1.808  66.389  49.250
80  0.725  1.853  65.833  50.000
81  0.717  1.743  66.000  52.500
82  0.725  1.666  66.278  51.000
83  0.716  1.790  66.972  49.500
84  0.697  1.846  68.111  46.500
85  0.663  1.732  68.528  51.750
86  0.696  1.955  67.972  48.250
87  0.678  2.272  68.917  46.500
88  0.650  2.176  69.611  46.750
89  0.674  2.041  69.667  47.750
90  0.630  2.129  70.667  47.750
91  0.616  2.203  71.833  50.500
92  0.608  2.173  72.056  49.500
93  0.588  2.599  73.250  46.250
94  0.597  2.605  72.250  47.500
95  0.580  2.668  73.667  47.750
96  0.582  2.496  73.611  46.750
97  0.527  2.520  75.083  50.000
98  0.565  2.511  74.611  46.750
99  0.524  3.076  76.278  47.500
100  0.536  2.953  76.944  46.750
101  0.515  2.981  77.333  47.750
102  0.478  3.058  78.111  46.500
103  0.533  3.143  76.917  49.500
104  0.457  3.352  79.639  45.750
105  0.466  3.304  78.944  44.750
106  0.430  3.439  81.278  47.250
107  0.434  3.763  81.083  44.500
108  0.426  3.918  81.611  44.750
109  0.400  3.944  82.778  41.000
110  0.399  4.407  83.194  42.250
111  0.385  4.463  83.472  43.750
112  0.345  4.242  85.639  45.500
113  0.355  4.217  85.306  43.750
114  0.361  4.228  85.750  43.000
115  0.358  4.403  85.861  44.500
116  0.354  3.925  84.861  47.000
117  0.288  4.653  87.778  45.000
118  0.320  4.329  86.861  48.250
119  0.345  4.376  86.750  44.000
120  0.347  4.133  86.944  44.000
121  0.299  4.829  88.361  41.500
122  0.287  4.454  88.667  47.500
123  0.235  5.551  90.250  45.500
124  0.276  4.596  89.000  44.500
125  0.272  4.877  89.333  45.500
126  0.231  5.173  91.139  45.250
127  0.231  6.023  91.556  42.250
128  0.193  5.718  92.167  45.750
129  0.275  5.059  90.028  46.250
130  0.244  4.685  90.806  44.250
131  0.215  5.147  91.750  46.500
132  0.185  5.557  93.167  47.000
133  0.193  5.449  93.028  50.250
134  0.160  5.936  93.778  47.750
135  0.179  5.647  93.778  44.750
136  0.187  5.563  93.472  49.750
137  0.190  5.728  93.361  46.750
138  0.147  6.430  94.750  47.250
139  0.124  6.470  95.778  48.000
140  0.198  5.815  93.778  44.500
141  0.231  5.684  92.194  45.750
142  0.179  5.881  93.861  44.000
143  0.123  6.413  95.694  42.250
144  0.118  6.828  96.333  44.000
145  0.113  6.817  96.139  43.000
146  0.130  6.418  95.750  46.250
147  0.175  6.302  93.750  45.750
148  0.161  6.261  94.389  47.750
149  0.139  6.831  95.278  46.250
150  0.123  6.858  96.083  47.250
151  0.137  6.790  95.333  45.250
152  0.135  7.008  95.528  43.500
153  0.136  5.943  95.528  45.750
154  0.093  7.023  96.722  46.000
155  0.092  7.641  97.056  43.500
156  0.189  5.878  94.861  47.750
157  0.147  6.206  94.972  49.500
158  0.156  5.826  95.222  46.000
159  0.138  6.095  95.722  47.500
160  0.061  6.969  98.250  47.750
161  0.072  6.821  97.944  46.750
162  0.127  6.652  96.167  46.750
163  0.080  6.809  97.500  46.750
164  0.102  6.973  96.750  45.750
165  0.111  6.565  96.806  47.750
166  0.093  7.290  97.222  47.750
167  0.114  6.778  96.750  47.750
168  0.104  6.891  96.667  47.750
169  0.099  7.924  96.750  43.500
170  0.116  6.791  96.361  48.250
171  0.076  7.609  97.528  46.750
172  0.083  7.319  97.750  48.500
173  0.096  7.108  97.194  46.500
174  0.095  6.911  97.083  47.000
175  0.087  7.477  97.111  47.250
176  0.277  4.973  91.833  46.750
177  0.168  6.678  94.611  46.000
178  0.095  6.997  96.889  46.000
179  0.108  6.687  96.444  44.250
180  0.072  7.428  98.083  44.750
181  0.059  7.502  98.306  46.750
182  0.067  7.154  97.778  48.750
183  0.089  7.495  97.083  47.750
184  0.113  6.717  96.500  52.000
185  0.119  6.784  96.694  46.750
186  0.095  6.993  97.250  43.750
187  0.095  6.499  97.500  48.750
188  0.063  6.793  98.139  49.750
189  0.113  6.843  96.806  46.500
190  0.101  6.881  96.750  45.750
191  0.051  7.539  98.389  48.750
192  0.084  6.978  97.889  45.250
193  0.059  7.695  97.944  47.500
194  0.060  7.351  98.611  44.750
195  0.093  7.103  97.556  45.000
196  0.098  7.559  96.917  48.000
197  0.091  7.585  97.306  46.000
198  0.080  7.836  97.917  43.000
199  0.077  7.860  97.639  45.750
200  0.045  8.586  98.639  42.500
