1  1.325  1.305  38.361  37.250
2  1.166  1.052  44.972  50.750
3  1.021  1.002  51.833  52.750
4  1.000  1.014  52.639  53.000
5  0.982  0.983  54.333  53.500
6  0.968  0.983  55.389  54.000
7  0.964  0.972  54.972  54.500
8  0.957  0.973  55.222  54.500
9  0.950  0.967  55.972  55.000
10  0.945  0.967  56.222  54.750
11  0.942  0.965  56.056  53.000
12  0.939  0.968  56.583  54.500
13  0.936  0.968  56.611  53.750
14  0.934  0.973  56.917  53.250
15  0.932  0.969  57.222  54.500
16  0.931  0.971  56.750  54.500
17  0.929  0.965  57.111  54.500
18  0.928  0.964  57.111  55.250
19  0.926  0.963  57.083  54.500
20  0.926  0.963  57.333  54.250
21  0.925  0.966  57.556  53.750
22  0.924  0.961  57.333  54.500
23  0.923  0.961  57.500  55.500
24  0.922  0.956  57.111  56.250
25  0.922  0.966  57.583  55.000
26  0.921  0.958  57.444  55.750
27  0.920  0.958  57.333  55.750
28  0.919  0.954  57.611  56.500
29  0.919  0.954  58.167  57.750
30  0.919  0.956  57.639  54.750
31  0.918  0.959  57.611  57.250
32  0.918  0.954  57.611  57.000
33  0.917  0.958  57.889  56.250
34  0.916  0.955  57.611  56.000
35  0.917  0.950  57.528  57.750
36  0.915  0.948  57.750  56.500
37  0.915  0.951  57.667  57.000
38  0.914  0.954  57.667  56.500
39  0.914  0.953  57.667  56.500
40  0.914  0.949  57.611  55.500
41  0.913  0.953  58.000  56.250
42  0.914  0.951  58.083  56.750
43  0.914  0.954  57.806  56.250
44  0.912  0.953  57.889  56.250
45  0.913  0.954  57.694  56.000
46  0.912  0.949  57.667  57.250
47  0.912  0.955  58.056  55.000
48  0.912  0.953  57.833  56.000
49  0.911  0.955  57.889  54.750
50  0.910  0.951  57.806  56.750
51  0.910  0.954  58.278  55.750
52  0.909  0.952  58.139  57.000
53  0.909  0.954  58.194  57.000
54  0.909  0.953  58.028  56.750
55  0.909  0.955  58.194  56.250
56  0.909  0.954  58.111  57.000
57  0.909  0.970  58.306  56.500
58  0.909  0.953  58.333  56.750
59  0.910  0.970  58.333  56.500
60  0.908  0.954  58.194  56.750
61  0.909  0.957  58.056  56.500
62  0.908  0.952  58.222  57.000
63  0.909  0.957  58.139  56.500
64  0.908  0.953  57.889  56.250
65  0.908  0.958  58.139  56.750
66  0.908  0.956  58.028  56.250
67  0.908  0.971  58.000  55.500
68  0.908  0.953  58.333  57.000
69  0.906  0.957  58.222  56.500
70  0.906  0.955  58.306  56.250
71  0.906  0.976  58.389  56.750
72  0.906  0.959  58.333  56.750
73  0.906  0.954  58.194  56.500
74  0.905  0.954  58.083  57.000
75  0.906  0.987  58.306  56.500
76  0.905  0.954  58.222  56.250
77  0.905  0.957  58.417  56.500
78  0.903  0.969  58.306  56.000
79  0.904  0.959  58.306  56.500
80  0.903  0.954  58.167  56.750
81  0.902  0.977  58.472  56.750
82  0.903  0.957  58.306  56.500
83  0.902  0.955  58.389  57.000
84  0.901  0.955  58.444  56.250
85  0.901  0.982  58.500  56.500
86  0.903  0.958  58.278  56.500
87  0.902  0.956  58.306  56.250
88  0.901  0.956  58.667  56.500
89  0.901  0.956  58.278  56.000
90  0.901  0.985  58.222  56.250
91  0.901  0.959  58.306  56.000
92  0.900  0.961  58.722  56.250
93  0.901  0.960  58.472  56.500
94  0.901  0.962  58.750  56.500
95  0.899  1.005  58.500  55.750
96  0.901  0.959  58.139  56.750
97  0.900  0.997  58.833  55.250
98  0.901  0.961  58.278  57.000
99  0.901  0.963  58.278  56.250
100  0.900  0.982  58.583  55.750
101  0.900  0.966  58.500  55.750
102  0.900  0.977  58.861  55.750
103  0.900  0.961  58.556  56.000
104  0.899  0.958  58.722  56.000
105  0.899  0.965  58.444  55.500
106  0.898  0.961  58.778  54.500
107  0.899  0.962  58.611  55.250
108  0.898  0.963  58.806  55.250
109  0.898  0.981  58.917  54.750
110  0.898  0.977  59.056  55.500
111  0.898  0.963  58.944  56.000
112  0.898  0.961  59.056  55.000
113  0.898  0.962  58.639  55.000
114  0.897  0.974  58.639  55.500
115  0.898  0.980  59.111  55.000
116  0.899  0.964  58.944  55.000
117  0.898  0.971  59.056  55.000
118  0.897  0.967  59.056  55.000
119  0.897  0.969  59.111  54.500
120  0.896  0.969  59.000  54.250
121  0.896  0.967  58.972  54.500
122  0.896  0.966  59.028  54.500
123  0.896  0.967  59.333  54.000
124  0.896  0.965  59.139  54.500
125  0.896  0.964  59.167  55.000
126  0.896  0.965  59.139  54.750
127  0.896  0.967  59.000  54.750
128  0.895  0.968  59.139  54.250
129  0.895  0.965  59.083  55.750
130  0.894  0.963  58.778  55.750
131  0.895  0.966  58.861  55.500
132  0.894  1.000  59.000  55.750
133  0.896  1.003  58.944  55.250
134  0.898  0.961  58.833  55.500
135  0.893  0.975  58.806  54.500
136  0.895  0.965  58.833  54.500
137  0.895  0.962  58.833  55.500
138  0.895  0.963  58.639  55.000
139  0.894  0.967  59.056  55.500
140  0.894  0.964  59.444  55.000
141  0.894  0.967  59.222  55.250
142  0.893  0.963  58.889  55.000
143  0.893  0.962  58.750  55.000
144  0.893  0.961  59.111  55.250
145  0.892  0.960  58.750  55.750
146  0.892  0.964  58.778  55.500
147  0.895  0.968  58.889  53.250
148  0.892  0.968  58.583  54.500
149  0.892  0.994  58.917  54.750
150  0.893  0.961  58.806  54.750
151  0.892  0.957  58.972  55.250
152  0.892  0.957  58.806  55.500
153  0.891  0.957  58.778  55.250
154  0.891  0.960  59.000  54.250
155  0.890  0.959  58.806  55.250
156  0.892  0.969  58.556  54.750
157  0.891  0.957  58.694  55.500
158  0.893  0.961  58.806  54.000
159  0.892  0.960  58.750  54.750
160  0.891  0.957  58.889  55.250
161  0.891  0.959  58.917  55.250
162  0.892  0.958  58.750  54.750
163  0.891  0.960  58.639  54.750
164  0.891  0.957  58.750  54.750
165  0.891  0.959  58.917  55.500
166  0.891  0.957  58.528  55.000
167  0.891  0.955  58.694  54.750
168  0.891  0.958  58.944  54.250
169  0.891  0.955  59.000  54.500
170  0.891  0.957  58.528  54.500
171  0.891  0.956  58.667  54.250
172  0.891  0.955  58.944  54.750
173  0.891  0.955  58.806  54.750
174  0.891  0.956  58.778  54.250
175  0.891  0.957  58.889  54.500
176  0.890  0.955  59.000  54.500
177  0.890  0.962  58.750  54.000
178  0.891  0.955  58.639  54.500
179  0.891  0.955  58.861  54.250
180  0.891  0.966  58.750  54.500
181  0.892  0.982  58.806  53.750
182  0.893  0.953  58.222  55.000
183  0.890  0.951  58.694  54.500
184  0.893  0.960  58.583  54.500
185  0.892  0.961  58.861  54.750
186  0.893  0.958  58.583  54.750
187  0.891  0.958  58.583  54.750
188  0.891  0.960  58.611  55.500
189  0.891  0.957  58.611  54.750
190  0.891  0.955  58.556  55.000
191  0.912  0.955  58.278  55.500
192  0.890  0.957  58.722  55.250
193  0.891  0.956  58.583  55.250
194  0.891  0.956  58.361  55.000
195  0.889  0.957  58.361  54.500
196  0.890  0.954  58.611  54.250
197  0.891  0.970  58.333  54.000
198  0.894  0.962  58.333  54.250
199  0.890  0.956  58.583  54.500
200  0.890  0.958  58.500  54.500
201  0.890  0.958  58.611  54.750
202  0.891  0.957  58.528  55.000
203  0.890  0.959  58.639  55.250
204  0.890  0.960  58.583  54.750
205  0.890  0.957  58.528  54.500
206  0.892  0.968  58.389  54.750
207  0.892  0.958  58.278  55.250
208  0.890  0.960  58.333  54.750
209  0.890  0.961  58.667  55.000
210  0.890  0.960  58.472  55.000
211  0.890  0.960  58.500  54.500
212  0.890  0.966  58.694  55.000
213  0.890  0.962  58.528  55.000
214  0.889  0.959  58.583  55.250
215  0.888  0.964  58.500  55.250
216  0.888  0.964  58.528  54.500
217  0.888  0.958  58.417  55.500
218  0.888  0.962  58.778  54.750
219  0.891  0.962  58.444  53.750
220  0.893  0.960  58.306  54.500
221  0.888  0.962  58.611  55.500
222  0.888  0.961  58.778  55.250
223  0.889  0.959  58.444  55.750
224  0.888  0.957  58.472  55.000
225  0.887  0.960  58.778  55.500
226  0.887  0.962  58.583  55.000
227  0.887  0.955  58.444  56.250
228  0.886  0.957  58.722  54.750
229  0.888  0.966  58.722  54.250
230  0.888  0.955  58.417  55.000
231  0.887  0.954  58.417  55.750
232  0.887  0.957  58.556  55.750
233  0.887  0.954  58.389  54.250
234  0.887  0.954  58.556  55.500
235  0.887  0.953  58.472  55.250
236  0.885  0.955  58.556  55.000
237  0.886  0.954  58.833  55.000
238  0.885  0.953  59.000  55.500
239  0.885  0.964  58.861  54.750
240  0.886  0.953  58.611  54.500
241  0.895  0.958  58.500  56.000
242  0.886  0.949  58.444  56.250
243  0.885  0.951  58.778  56.500
244  0.884  0.952  59.111  56.250
245  0.885  0.954  58.889  56.250
246  0.886  0.960  58.583  55.500
247  0.886  0.952  58.444  56.750
248  0.885  0.951  58.889  56.250
249  0.884  0.954  58.861  55.500
250  0.884  0.951  58.833  56.750
251  0.884  0.948  58.944  56.500
252  0.883  0.956  59.083  56.250
253  0.884  0.950  59.000  56.250
254  0.885  0.952  58.639  57.250
255  0.884  0.950  58.861  56.250
256  0.883  0.949  59.139  56.250
257  0.884  0.949  58.778  56.750
258  0.889  0.947  58.611  56.250
259  0.884  0.961  58.667  56.000
260  0.886  0.951  58.611  57.000
261  0.883  0.948  59.167  56.500
262  0.883  0.952  58.833  56.000
263  0.882  0.948  59.000  56.500
264  0.882  0.952  58.861  55.750
265  0.882  0.951  58.917  56.500
266  0.883  0.948  58.833  57.000
267  0.884  0.947  58.778  56.500
268  0.883  0.952  58.639  56.750
269  0.882  0.950  59.111  57.500
270  0.881  0.947  58.972  57.250
271  0.881  0.951  58.750  56.250
272  0.881  0.952  59.000  58.000
273  0.881  0.949  58.972  57.750
274  0.881  0.952  58.972  57.000
275  0.881  0.950  59.028  56.500
276  0.880  0.950  59.167  56.750
277  0.882  0.953  58.806  57.250
278  0.882  0.944  58.722  57.250
279  0.880  0.945  59.222  57.250
280  0.881  0.946  59.333  57.250
281  0.880  0.945  58.694  56.750
282  0.882  0.947  58.778  57.750
283  0.880  0.949  59.000  57.250
284  0.880  0.946  58.944  57.500
285  0.881  0.947  59.000  57.750
286  0.880  0.946  58.889  57.250
287  0.879  0.949  59.028  57.250
288  0.879  0.950  59.250  57.250
289  0.880  0.946  58.722  57.500
290  0.883  0.948  58.750  57.500
291  0.879  0.950  59.111  57.250
292  0.880  0.952  58.833  57.500
293  0.881  0.949  58.694  57.250
294  0.880  0.946  59.417  57.250
295  0.880  0.942  58.722  57.000
296  0.878  0.948  58.972  57.750
297  0.878  0.952  59.056  57.000
298  0.880  0.945  58.972  58.000
299  0.879  0.945  59.000  57.250
300  0.878  0.948  59.222  57.000
301  0.879  0.946  59.111  57.500
302  0.880  0.945  58.889  56.750
303  0.878  0.942  59.167  58.500
304  0.878  0.946  59.167  57.250
305  0.879  0.943  59.111  57.000
306  0.879  0.946  58.972  57.000
307  0.879  0.947  59.083  57.000
308  0.879  0.946  59.083  57.000
309  0.877  0.948  59.278  56.750
310  0.880  0.949  59.111  56.750
311  0.881  0.946  59.278  57.500
312  0.878  0.951  59.222  56.750
313  0.878  0.945  59.194  57.250
314  0.879  0.949  59.194  56.750
315  0.879  0.952  59.250  56.500
316  0.879  0.948  59.139  57.250
317  0.879  0.954  59.139  57.750
318  0.878  0.961  59.306  55.250
319  0.887  0.948  58.778  56.500
320  0.877  0.949  59.056  58.000
321  0.876  0.951  59.083  57.000
322  0.877  0.947  59.250  57.250
323  0.880  0.953  58.778  57.000
324  0.879  0.951  59.222  57.000
325  0.879  0.952  59.111  57.250
326  0.877  0.951  59.194  57.250
327  0.877  0.955  59.333  57.250
328  0.877  0.959  59.222  57.000
329  0.877  0.954  59.167  56.750
330  0.877  0.958  59.639  57.000
331  0.876  0.954  59.472  56.750
332  0.877  0.951  59.194  57.250
333  0.892  0.948  59.194  56.750
334  0.880  0.943  59.139  56.250
335  0.877  0.943  59.500  57.250
336  0.877  0.945  59.278  57.500
337  0.877  0.945  59.083  57.000
338  0.877  0.956  58.861  56.750
339  0.883  0.950  59.028  56.000
340  0.879  0.948  59.194  57.000
341  0.878  0.951  59.417  55.750
342  0.875  0.948  59.083  57.250
343  0.877  0.953  59.278  56.500
344  0.876  0.958  59.222  57.000
345  0.877  0.950  59.111  56.250
346  0.876  0.962  59.111  55.250
347  0.876  0.953  59.056  56.500
348  0.877  0.950  59.278  56.500
349  0.876  0.957  59.111  55.750
350  0.876  0.954  59.167  57.000
351  0.876  0.960  59.139  56.500
352  0.874  0.962  59.278  56.500
353  0.875  0.958  59.028  56.250
354  0.875  0.972  59.194  55.500
355  0.880  0.949  59.278  56.750
356  0.877  0.959  59.028  56.250
357  0.875  0.957  59.222  56.250
358  0.876  0.956  59.361  56.750
359  0.875  0.948  59.306  57.000
360  0.876  0.953  59.222  55.750
361  0.877  0.951  59.333  55.500
362  0.875  0.954  59.306  56.250
363  0.876  0.961  59.306  55.000
364  0.876  0.960  59.528  55.250
365  0.875  0.957  59.806  56.750
366  0.876  0.955  59.722  56.500
367  0.876  0.955  59.278  56.250
368  0.876  0.959  59.167  56.250
369  0.876  0.962  59.500  56.000
370  0.873  0.967  59.417  55.750
371  0.874  0.965  59.361  54.750
372  0.874  0.963  59.861  56.000
373  0.874  0.967  59.444  56.000
374  0.875  0.961  58.944  55.500
375  0.876  0.963  59.444  56.250
376  0.874  0.968  59.528  56.250
377  0.876  0.961  59.722  55.500
378  0.875  0.968  59.556  56.500
379  0.876  0.967  59.306  55.750
380  0.874  0.970  59.694  55.250
381  0.875  0.968  59.333  55.500
382  0.874  0.966  60.111  56.000
383  0.873  0.964  59.611  56.500
384  0.874  0.973  59.139  55.750
385  0.875  0.968  59.333  55.750
386  0.874  0.970  59.639  56.000
387  0.873  0.970  59.528  55.750
388  0.872  0.972  59.333  56.000
389  0.874  0.972  59.278  55.500
390  0.875  0.975  59.806  55.750
391  0.873  0.976  59.389  56.750
392  0.873  0.975  59.167  55.750
393  0.875  0.975  59.139  56.750
394  0.873  0.977  59.778  56.000
395  0.873  0.977  59.917  55.750
396  0.871  0.981  59.611  55.750
397  0.872  0.975  59.694  55.500
398  0.874  0.985  59.278  55.250
399  0.874  0.977  59.389  56.250
400  0.873  0.986  59.472  55.750
401  0.872  0.977  59.389  56.000
402  0.873  0.982  59.528  56.000
403  0.873  0.981  59.583  55.500
404  0.872  0.980  59.556  55.500
405  0.872  0.977  59.556  55.750
406  0.872  0.981  59.667  56.250
407  0.872  0.980  59.306  56.000
408  0.872  0.977  59.722  56.750
409  0.871  0.989  59.556  55.250
410  0.872  0.991  59.583  55.750
411  0.871  0.985  59.556  56.250
412  0.873  0.980  59.694  56.250
413  0.873  0.987  59.500  55.750
414  0.873  0.983  59.528  57.250
415  0.873  0.986  59.306  56.750
416  0.872  0.984  59.639  55.750
417  0.871  0.984  59.611  55.000
418  0.873  0.989  59.611  55.250
419  0.872  0.982  59.389  55.750
420  0.872  0.983  59.639  56.000
421  0.871  0.986  59.417  56.000
422  0.872  0.993  59.500  55.000
423  0.872  0.991  59.500  54.500
424  0.872  0.982  59.833  56.000
425  0.872  0.986  59.500  56.500
426  0.872  0.977  59.361  56.000
427  0.870  0.978  59.278  56.500
428  0.872  0.978  59.278  56.750
429  0.870  0.979  59.444  56.250
430  0.871  0.982  59.583  56.250
431  0.870  0.983  59.528  56.250
432  0.871  0.985  59.361  56.250
433  0.872  0.999  59.583  55.250
434  0.871  0.987  59.472  56.000
435  0.870  0.987  59.611  56.500
436  0.871  0.986  59.417  55.750
437  0.870  0.990  59.500  56.000
438  0.871  0.984  59.500  57.000
439  0.871  0.992  59.278  55.750
440  0.872  0.993  59.361  55.000
441  0.872  0.982  59.417  56.500
442  0.870  0.981  59.667  57.250
443  0.870  0.983  59.667  57.000
444  0.870  0.983  59.722  56.500
445  0.871  0.981  59.444  57.000
446  0.870  0.993  59.500  56.000
447  0.872  0.981  59.472  56.250
448  0.870  0.986  59.250  56.500
449  0.870  0.990  59.444  56.500
450  0.869  0.990  59.667  56.750
451  0.872  1.000  59.472  57.500
452  0.871  0.987  59.167  55.750
453  0.870  0.993  59.444  56.000
454  0.872  0.995  59.083  56.000
455  0.870  0.989  59.528  56.500
456  0.872  0.989  59.417  55.000
457  0.873  0.969  59.611  56.750
458  0.872  0.973  59.556  56.750
459  0.870  0.973  59.694  57.000
460  0.870  0.973  59.556  57.250
461  0.872  0.972  59.333  57.250
462  0.871  0.972  59.472  56.500
463  0.870  0.968  59.472  56.750
464  0.869  0.967  59.611  57.250
465  0.869  0.968  59.389  57.250
466  0.869  0.972  59.389  55.750
467  0.870  0.974  59.472  56.250
468  0.868  0.978  59.639  56.250
469  0.869  0.980  59.556  56.750
470  0.870  0.979  59.361  57.750
471  0.871  0.974  59.167  55.750
472  0.870  0.972  59.778  56.250
473  0.870  0.993  59.278  55.250
474  0.878  0.967  59.000  56.250
475  0.869  0.963  59.278  57.250
476  0.869  0.968  59.500  55.500
477  0.869  0.964  59.528  57.250
478  0.873  0.970  59.528  58.000
479  0.879  0.959  59.167  56.000
480  0.873  0.958  59.667  56.500
481  0.873  0.962  59.472  57.250
482  0.872  0.960  59.500  56.750
483  0.872  0.963  59.611  55.750
484  0.872  0.967  59.333  56.750
485  0.871  0.966  59.417  56.750
486  0.870  0.974  59.500  56.500
487  0.869  0.969  59.417  56.750
488  0.870  0.968  59.361  56.750
489  0.869  0.970  59.250  56.250
490  0.870  0.968  59.389  57.000
491  0.870  0.986  59.250  56.500
492  0.869  0.979  59.333  57.250
493  0.867  0.981  59.333  56.750
494  0.867  0.981  59.333  56.750
495  0.867  0.989  59.361  56.000
496  0.869  0.976  59.528  56.250
497  0.869  0.970  59.417  56.750
498  0.869  0.971  59.333  56.750
499  0.868  0.966  59.361  57.250
500  0.868  0.971  59.472  57.750
501  0.867  0.970  59.806  56.750
502  0.869  0.974  59.361  56.500
503  0.870  0.964  59.417  57.750
504  0.867  0.965  59.528  57.750
505  0.868  0.968  59.472  57.750
506  0.867  0.974  59.389  57.250
507  0.869  0.974  59.306  56.500
508  0.869  0.966  59.222  58.000
509  0.868  0.981  59.583  57.750
510  0.868  0.969  59.333  57.750
511  0.869  0.969  59.306  57.750
512  0.867  0.977  59.778  57.750
513  0.867  0.969  59.750  56.250
514  0.867  0.975  59.861  55.500
515  0.867  0.973  59.583  56.750
516  0.869  0.974  59.611  56.750
517  0.868  0.967  59.528  56.750
518  0.868  0.972  59.833  57.750
519  0.867  0.987  59.611  56.750
520  0.867  0.981  59.250  57.750
521  0.865  0.986  59.361  56.750
522  0.865  1.005  59.778  56.000
523  0.877  0.964  59.583  57.000
524  0.866  0.970  59.444  56.750
525  0.867  0.978  59.556  57.000
526  0.867  0.972  59.417  57.250
527  0.867  0.972  59.444  57.500
528  0.867  0.973  59.417  58.250
529  0.867  0.972  59.556  57.250
530  0.867  0.974  59.167  57.500
531  0.866  0.975  59.361  58.500
532  0.865  0.976  59.417  58.000
533  0.866  0.975  59.361  57.500
534  0.867  0.975  59.972  56.500
535  0.866  0.975  59.722  57.250
536  0.867  0.980  59.500  57.000
537  0.864  0.982  59.556  57.250
538  0.868  0.993  59.583  56.750
539  0.868  0.985  59.694  58.250
540  0.867  0.983  59.556  58.250
541  0.866  0.982  59.361  57.500
542  0.866  0.984  59.500  57.000
543  0.869  0.978  59.139  58.500
544  0.868  0.983  58.917  58.250
545  0.867  0.988  59.444  57.750
546  0.871  0.977  59.833  57.000
547  0.868  0.981  59.528  57.500
548  0.866  0.981  59.056  56.750
549  0.865  0.975  59.833  57.250
550  0.867  0.975  59.333  58.750
551  0.865  0.977  59.333  57.750
552  0.864  0.979  59.528  57.000
553  0.864  0.983  59.472  56.500
554  0.864  0.985  59.556  56.750
555  0.865  0.984  59.472  57.000
556  0.868  0.985  59.250  57.750
557  0.866  0.980  59.611  57.500
558  0.865  0.979  59.417  57.250
559  0.865  0.980  59.556  58.000
560  0.866  0.997  59.722  56.000
561  0.868  0.983  59.361  56.500
562  0.866  0.977  59.778  56.750
563  0.868  0.968  59.694  56.500
564  0.866  0.977  59.389  56.250
565  0.865  0.976  59.556  56.500
566  0.866  0.979  59.583  56.250
567  0.866  0.983  59.472  56.250
568  0.867  0.983  59.528  56.250
569  0.870  0.990  59.583  57.250
570  0.867  0.986  59.417  58.750
571  0.867  0.980  59.194  58.250
572  0.866  0.982  59.333  57.750
573  0.865  0.984  59.472  57.250
574  0.866  0.985  59.417  56.500
575  0.868  0.991  59.361  56.250
576  0.869  0.973  59.556  57.250
577  0.865  0.982  59.556  56.000
578  0.865  0.988  59.556  56.250
579  0.865  0.984  59.889  56.000
580  0.865  0.980  59.667  57.500
581  0.866  0.975  59.750  56.250
582  0.865  0.983  59.500  56.250
583  0.865  0.979  59.417  56.000
584  0.867  0.979  59.278  56.000
585  0.866  0.988  59.750  55.500
586  0.865  0.983  59.417  56.500
587  0.865  0.989  59.500  55.750
588  0.865  0.994  59.583  56.500
589  0.863  0.988  59.667  57.250
590  0.865  0.981  59.528  57.500
591  0.866  0.983  59.639  56.750
592  0.865  0.986  59.417  57.250
593  0.865  0.978  59.250  56.750
594  0.864  0.994  59.528  56.250
595  0.866  0.993  59.333  56.750
596  0.867  0.983  59.361  57.500
597  0.866  0.978  59.167  56.750
598  0.865  0.976  59.667  57.000
599  0.866  0.990  59.389  56.000
600  0.865  0.985  59.667  57.000
601  0.868  0.971  59.583  57.250
602  0.866  0.986  59.778  56.750
603  0.865  0.979  59.472  57.750
604  0.865  0.990  59.861  56.250
605  0.867  0.990  59.583  56.500
606  0.870  0.973  59.139  57.250
607  0.865  0.977  59.528  56.250
608  0.865  0.975  59.667  56.500
609  0.865  0.980  59.194  56.250
610  0.865  0.985  59.833  57.250
611  0.867  0.980  59.389  57.500
612  0.866  0.981  59.778  57.250
613  0.864  0.974  59.500  58.250
614  0.864  0.978  59.472  57.000
615  0.869  0.986  59.500  56.500
616  0.868  0.982  59.083  57.000
617  0.866  0.986  59.583  56.250
618  0.864  0.985  59.361  56.750
619  0.864  0.987  59.417  56.750
620  0.864  0.989  59.444  57.000
621  0.865  0.977  59.306  57.000
622  0.864  0.997  59.389  57.000
623  0.864  0.996  59.472  56.500
624  0.865  1.008  59.500  57.000
625  0.866  0.985  59.806  56.750
626  0.867  0.968  59.583  58.250
627  0.865  0.978  59.389  57.000
628  0.866  0.977  59.306  57.000
629  0.865  0.975  59.556  57.000
630  0.865  0.973  59.722  57.750
631  0.864  0.978  59.583  57.750
632  0.865  0.983  59.722  57.000
633  0.864  0.987  59.833  55.750
634  0.864  0.994  59.472  56.750
635  0.865  0.986  59.583  57.000
636  0.868  0.979  59.361  57.000
637  0.866  0.995  59.333  56.750
638  0.864  0.990  59.250  56.750
639  0.863  1.003  59.361  57.250
640  0.865  1.008  59.694  56.750
641  0.864  0.989  59.222  57.000
642  0.865  0.998  59.139  57.250
643  0.866  0.996  59.611  56.500
644  0.866  0.992  59.278  57.750
645  0.869  0.980  59.306  57.500
646  0.867  0.968  59.444  57.000
647  0.865  0.974  59.528  56.250
648  0.863  0.972  59.389  57.500
649  0.865  0.974  59.861  55.750
650  0.863  0.994  59.444  56.750
651  0.864  0.979  59.639  56.500
652  0.866  0.989  59.528  57.000
653  0.868  0.984  59.222  57.750
654  0.867  0.995  59.472  56.750
655  0.864  0.989  59.583  56.500
656  0.863  0.988  59.611  57.000
657  0.863  0.993  59.556  57.250
658  0.864  0.988  59.833  57.750
659  0.869  0.986  59.722  57.000
660  0.865  0.975  59.667  57.500
661  0.864  0.972  59.111  57.750
662  0.864  0.976  59.972  57.750
663  0.864  0.973  59.556  56.750
664  0.864  0.978  59.806  57.500
665  0.866  0.998  59.528  57.000
666  0.866  0.986  59.556  57.000
667  0.870  0.975  59.444  56.500
668  0.868  0.984  59.889  56.500
669  0.865  0.985  59.944  56.000
670  0.863  0.988  59.250  57.250
671  0.864  0.977  59.528  57.250
672  0.864  0.984  59.778  57.750
673  0.863  0.986  59.306  57.500
674  0.862  0.993  59.750  57.000
675  0.863  0.990  59.333  58.000
676  0.865  0.991  59.389  58.000
677  0.864  1.001  59.444  58.000
678  0.863  0.979  59.361  57.250
679  0.864  0.979  59.722  56.750
680  0.865  0.987  59.389  57.500
681  0.864  1.001  59.667  56.250
682  0.864  0.992  59.806  57.500
683  0.864  0.988  59.750  56.750
684  0.864  0.998  59.556  57.500
685  0.863  0.999  59.556  57.750
686  0.863  0.999  59.500  57.250
687  0.864  0.988  59.806  57.500
688  0.863  0.991  59.556  58.000
689  0.862  0.997  59.556  58.000
690  0.862  0.988  59.472  57.750
691  0.862  0.992  59.194  57.000
692  0.865  1.009  59.639  57.500
693  0.867  0.993  59.611  57.750
694  0.873  0.968  59.139  57.000
695  0.866  0.969  59.444  57.750
696  0.865  0.979  59.583  56.750
697  0.865  0.972  59.389  57.250
698  0.867  0.974  59.333  57.500
699  0.865  0.969  59.722  56.500
700  0.866  0.979  59.583  58.000
701  0.871  0.976  59.306  58.500
702  0.868  0.979  59.417  57.500
703  0.864  0.984  59.444  56.750
704  0.865  0.980  60.083  56.750
705  0.863  0.988  59.639  56.750
706  0.865  0.985  59.472  58.000
707  0.864  0.973  59.667  57.500
708  0.864  0.998  59.639  56.250
709  0.863  0.983  59.778  56.750
710  0.865  1.001  59.583  56.250
711  0.864  0.995  59.778  56.500
712  0.863  1.001  59.861  56.500
713  0.863  0.983  60.028  56.000
714  0.862  0.988  60.000  57.750
715  0.864  1.000  59.944  56.500
716  0.864  0.985  59.944  56.500
717  0.864  0.997  59.639  57.500
718  0.865  0.978  59.778  57.750
719  0.862  0.989  59.833  57.750
720  0.862  0.997  59.528  56.500
721  0.864  0.985  60.056  57.000
722  0.863  0.995  59.528  58.250
723  0.867  0.985  59.861  57.750
724  0.865  0.977  59.833  57.000
725  0.864  0.994  59.972  56.750
726  0.864  0.988  59.806  57.250
727  0.865  0.994  59.722  56.250
728  0.864  0.975  59.639  58.250
729  0.864  0.997  59.528  57.000
730  0.864  0.982  59.806  57.500
731  0.864  1.009  59.472  57.250
732  0.865  0.981  59.472  58.500
733  0.864  0.985  59.472  56.000
734  0.863  0.992  59.722  56.750
735  0.864  0.999  59.528  56.250
736  0.862  0.987  59.722  57.750
737  0.863  0.989  60.139  56.750
738  0.863  1.001  59.556  58.250
739  0.865  0.987  59.667  57.250
740  0.862  0.992  59.694  57.500
741  0.863  0.988  59.444  58.000
742  0.863  0.989  59.667  58.250
743  0.863  0.978  59.694  57.000
744  0.865  1.000  59.611  57.750
745  0.863  0.999  59.833  58.500
746  0.863  1.006  59.722  57.500
747  0.863  0.987  59.500  58.250
748  0.865  1.005  59.722  58.750
749  0.863  0.959  59.333  58.500
750  0.863  1.001  59.611  57.250
751  0.863  0.992  59.722  57.250
752  0.863  0.985  59.583  57.750
753  0.866  0.978  59.417  57.750
754  0.863  0.999  59.917  56.750
755  0.863  0.990  59.806  57.750
756  0.864  0.997  59.444  57.250
757  0.869  0.996  59.833  57.500
758  0.875  0.952  58.889  57.500
759  0.865  0.958  59.722  58.250
760  0.865  0.969  59.611  57.000
761  0.865  0.961  59.444  57.750
762  0.864  0.966  59.556  57.250
763  0.867  0.965  59.556  56.500
764  0.866  0.971  59.667  56.500
765  0.865  0.965  59.639  56.750
766  0.865  0.966  59.972  55.750
767  0.866  0.971  60.000  57.250
768  0.864  0.984  59.444  56.250
769  0.862  0.977  60.167  56.500
770  0.861  0.984  59.722  57.250
771  0.862  0.971  59.500  58.250
772  0.863  0.975  59.583  58.250
773  0.863  0.981  59.639  57.250
774  0.864  0.984  59.889  57.500
775  0.863  0.984  59.722  56.250
776  0.862  0.986  59.500  57.500
777  0.864  0.979  59.917  56.500
778  0.862  0.978  59.750  58.750
779  0.862  0.982  59.611  57.750
780  0.863  0.979  59.917  58.500
781  0.863  0.979  59.556  57.500
782  0.865  0.981  59.667  57.250
783  0.862  0.983  60.222  56.750
784  0.864  0.989  59.750  58.750
785  0.865  0.968  59.278  56.750
786  0.865  0.988  59.750  56.750
787  0.864  0.975  59.833  57.500
788  0.864  0.977  59.667  57.500
789  0.862  0.981  59.750  57.000
790  0.863  0.981  60.000  57.000
791  0.863  0.982  59.806  58.000
792  0.864  0.972  59.667  57.250
793  0.864  0.967  59.972  58.000
794  0.862  0.975  60.111  56.750
795  0.862  0.983  60.111  57.500
796  0.862  0.977  59.917  57.250
797  0.873  0.945  59.639  56.750
798  0.869  0.982  59.778  57.250
799  0.869  0.968  60.417  58.250
800  0.863  0.967  59.944  58.000
801  0.862  0.960  60.000  57.750
802  0.863  0.971  60.028  57.500
803  0.861  0.970  59.944  58.750
804  0.862  0.977  59.611  58.000
805  0.863  0.972  59.472  58.000
806  0.864  0.970  60.361  57.500
807  0.863  0.968  59.500  58.000
808  0.862  0.974  59.778  57.500
809  0.865  0.971  59.889  58.250
810  0.864  0.963  59.361  57.500
811  0.862  0.966  59.806  58.000
812  0.864  0.982  59.917  58.500
813  0.862  0.970  60.000  57.750
814  0.862  0.963  60.028  58.750
815  0.864  0.954  59.917  57.250
816  0.864  0.960  60.028  57.500
817  0.862  0.968  59.944  58.000
818  0.862  0.965  59.528  58.000
819  0.861  0.974  60.167  58.500
820  0.864  0.976  60.028  57.250
821  0.861  0.977  60.194  57.500
822  0.863  0.964  59.944  57.500
823  0.863  0.980  59.694  58.000
824  0.863  0.949  59.694  57.500
825  0.862  0.974  59.750  58.000
826  0.862  0.969  59.722  57.250
827  0.862  0.964  59.917  57.500
828  0.863  0.978  59.444  57.500
829  0.862  0.967  60.028  57.250
830  0.864  0.957  59.667  57.500
831  0.863  0.963  60.167  57.750
832  0.862  0.974  60.028  58.500
833  0.862  0.962  60.167  56.750
834  0.862  0.984  59.806  57.500
835  0.864  0.974  59.750  57.750
836  0.861  0.971  59.583  57.750
837  0.861  0.980  60.028  57.500
838  0.863  0.972  59.722  58.250
839  0.867  0.962  59.639  57.250
840  0.862  0.957  59.528  58.250
841  0.862  0.957  59.944  58.250
842  0.863  0.959  59.972  57.750
843  0.862  0.968  59.889  57.500
844  0.862  0.966  59.833  57.250
845  0.862  0.958  59.889  57.500
846  0.862  0.971  59.778  57.000
847  0.864  0.956  60.056  58.500
848  0.862  0.964  60.000  57.250
849  0.861  0.982  60.028  57.250
850  0.864  0.964  60.389  57.500
851  0.861  0.974  59.861  57.500
852  0.860  0.972  60.028  57.000
853  0.861  0.971  60.389  56.750
854  0.862  0.967  59.917  57.250
855  0.862  0.975  60.028  57.000
856  0.861  0.956  60.056  57.500
857  0.864  0.983  60.167  58.250
858  0.870  0.961  59.472  57.000
859  0.865  0.966  59.944  56.250
860  0.864  0.968  60.139  57.750
861  0.866  0.964  59.889  57.750
862  0.863  0.966  60.333  57.500
863  0.863  0.957  60.056  57.500
864  0.861  0.962  60.167  58.000
865  0.862  0.957  59.917  58.500
866  0.863  0.968  60.167  56.750
867  0.863  0.965  60.444  57.000
868  0.863  0.970  60.333  56.250
869  0.863  0.979  60.389  57.250
870  0.864  0.957  59.889  57.750
871  0.863  0.968  60.333  58.500
872  0.870  0.955  59.611  57.250
873  0.865  0.959  60.028  59.000
874  0.870  0.954  59.611  58.250
875  0.869  0.953  59.750  56.500
876  0.864  0.967  60.250  58.000
877  0.864  0.958  60.722  58.750
878  0.863  0.957  60.306  57.750
879  0.860  0.960  60.306  57.500
880  0.859  0.964  60.333  58.000
881  0.859  0.963  60.750  58.000
882  0.858  0.964  60.444  57.250
883  0.859  0.964  60.778  58.500
884  0.860  0.972  60.389  58.000
885  0.858  0.965  60.556  56.750
886  0.859  0.964  60.806  58.000
887  0.860  0.961  60.472  58.000
888  0.858  0.965  60.528  57.000
889  0.859  0.967  60.667  57.750
890  0.859  0.961  60.611  58.500
891  0.859  0.967  60.472  58.000
892  0.859  0.967  60.444  57.750
893  0.859  0.973  60.333  57.750
894  0.862  0.962  60.389  57.750
895  0.859  0.958  60.194  58.000
896  0.859  0.965  60.139  57.250
897  0.857  0.957  60.639  57.750
898  0.859  0.969  60.694  58.250
899  0.858  0.959  60.583  58.250
900  0.857  0.971  60.500  57.750
901  0.858  0.968  60.222  56.500
902  0.859  0.966  60.444  57.500
903  0.857  0.968  60.694  58.000
904  0.859  0.965  60.139  56.750
905  0.865  0.975  60.028  58.000
906  0.864  0.959  60.444  57.750
907  0.862  0.938  60.528  58.000
908  0.859  0.952  60.306  58.250
909  0.859  0.957  60.306  57.500
910  0.859  0.950  60.639  57.750
911  0.859  0.958  60.861  58.500
912  0.858  0.957  60.556  58.000
913  0.857  0.960  60.528  58.500
914  0.857  0.978  60.611  58.000
915  0.863  0.957  60.028  58.500
916  0.858  0.969  60.667  58.000
917  0.858  0.959  60.667  57.750
918  0.857  0.972  60.389  56.500
919  0.858  0.959  60.694  57.250
920  0.858  0.957  60.500  57.750
921  0.858  0.965  60.611  57.750
922  0.857  0.965  60.472  57.750
923  0.856  0.963  60.528  57.000
924  0.856  0.965  60.722  57.750
925  0.860  0.949  60.500  58.000
926  0.860  0.948  60.333  57.000
927  0.858  0.952  60.556  58.000
928  0.856  0.983  60.556  57.250
929  0.860  0.959  60.556  57.500
930  0.858  0.965  60.500  57.750
931  0.860  0.959  60.250  58.750
932  0.857  0.956  60.222  58.750
933  0.856  0.955  60.528  58.000
934  0.857  0.956  60.556  58.500
935  0.855  0.955  60.639  57.750
936  0.855  0.971  60.583  58.250
937  0.860  0.959  60.250  57.250
938  0.857  0.956  60.417  58.250
939  0.855  0.958  60.694  58.250
940  0.856  0.965  60.333  59.250
941  0.857  0.957  60.472  57.500
942  0.856  0.954  60.694  57.500
943  0.856  0.956  60.500  58.250
944  0.856  0.958  60.528  57.750
945  0.855  0.959  60.500  57.250
946  0.865  0.963  59.972  58.500
947  0.889  0.955  60.028  58.250
948  0.863  0.950  60.278  57.750
949  0.861  0.946  60.583  57.750
950  0.865  0.947  60.111  58.750
951  0.857  0.952  60.722  58.000
952  0.858  0.956  60.472  57.750
953  0.858  0.954  60.556  57.750
954  0.855  0.954  60.361  58.250
955  0.863  0.948  60.139  59.000
956  0.856  0.955  60.333  57.750
957  0.857  0.952  60.278  58.750
958  0.856  0.955  60.583  58.750
959  0.857  0.960  60.694  57.750
960  0.865  0.953  60.333  57.750
961  0.861  0.953  60.250  57.500
962  0.861  0.958  60.806  58.000
963  0.859  0.951  60.167  57.500
964  0.858  0.965  60.917  57.000
965  0.860  0.951  60.583  57.750
966  0.855  0.963  60.500  57.500
967  0.856  0.963  60.083  58.000
968  0.857  0.965  60.250  57.250
969  0.857  0.965  60.528  57.250
970  0.857  0.964  60.250  58.250
971  0.858  0.955  60.167  57.750
972  0.855  0.960  60.750  57.750
973  0.855  0.959  60.611  57.250
974  0.857  0.965  60.250  58.250
975  0.858  0.953  60.250  58.250
976  0.854  0.961  60.500  57.750
977  0.855  0.961  61.167  58.250
978  0.854  0.969  60.556  57.500
979  0.856  0.963  60.528  57.750
980  0.864  0.950  60.306  58.000
981  0.858  0.954  60.306  58.500
982  0.867  0.984  60.194  57.750
983  0.861  0.970  60.389  57.250
984  0.858  0.957  60.222  57.750
985  0.854  0.964  60.583  57.750
986  0.858  0.952  60.611  59.000
987  0.855  0.948  60.639  58.250
988  0.853  0.951  60.861  58.250
989  0.854  0.954  60.750  58.000
990  0.854  0.950  60.917  58.250
991  0.853  0.966  60.750  58.000
992  0.855  0.956  60.778  58.250
993  0.854  0.954  60.833  58.250
994  0.853  0.966  60.861  57.750
995  0.858  0.968  60.500  57.750
996  0.855  0.958  60.694  58.250
997  0.853  0.961  60.722  57.500
998  0.853  0.968  60.750  58.000
999  0.857  0.959  60.667  57.750
1000  0.854  0.951  60.833  58.750
