1  1.397  1.341  35.778  37.250
2  1.337  1.319  38.194  36.000
3  1.321  1.319  38.750  36.000
4  1.308  1.291  39.500  36.750
5  1.298  1.286  40.278  37.500
6  1.295  1.295  40.333  36.750
7  1.291  1.284  40.778  37.000
8  1.283  1.271  40.722  37.250
9  1.275  1.274  40.861  37.500
10  1.280  1.286  41.806  37.750
11  1.259  1.251  42.833  44.750
12  1.261  1.255  43.222  39.000
13  1.228  1.239  44.667  48.250
14  1.204  1.238  46.139  43.500
15  1.180  1.202  46.861  44.000
16  1.155  1.190  47.250  46.750
17  1.143  1.160  47.917  49.250
18  1.125  1.138  48.306  50.750
19  1.110  1.114  48.611  52.000
20  1.097  1.097  49.306  53.500
21  1.085  1.078  49.778  52.750
22  1.073  1.057  49.806  53.500
23  1.063  1.038  50.722  54.500
24  1.053  1.023  51.250  55.500
25  1.044  1.012  51.889  56.750
26  1.037  0.998  52.056  57.250
27  1.029  0.991  52.444  57.500
28  1.024  0.982  52.722  57.250
29  1.018  0.972  53.306  58.000
30  1.013  0.966  53.333  58.250
31  1.009  0.958  53.583  58.500
32  1.005  0.952  53.806  58.000
33  1.001  0.946  53.750  58.000
34  0.998  0.943  54.139  58.500
35  0.994  0.936  54.306  58.250
36  0.992  0.935  54.472  58.500
37  0.989  0.932  54.778  58.500
38  0.986  0.928  54.861  58.500
39  0.984  0.926  54.861  59.250
40  0.982  0.922  54.694  59.500
41  0.981  0.921  54.806  59.500
42  0.979  0.919  54.778  59.500
43  0.977  0.920  54.944  59.000
44  0.976  0.918  54.972  59.250
45  0.975  0.918  55.111  58.500
46  0.973  0.919  55.167  58.250
47  0.972  0.920  55.278  58.500
48  0.971  0.921  55.222  58.000
49  0.970  0.922  55.139  57.750
50  0.970  0.926  54.917  57.750
51  0.969  0.929  54.861  57.500
52  0.969  0.929  54.750  57.250
53  0.967  0.931  54.889  56.750
54  0.967  0.932  54.778  56.500
55  0.966  0.931  54.750  56.500
56  0.965  0.932  54.833  56.250
57  0.964  0.932  54.861  56.250
58  0.963  0.934  54.889  56.250
59  0.963  0.934  54.889  56.000
60  0.962  0.938  54.778  55.500
61  0.961  0.939  54.806  56.000
62  0.960  0.937  55.000  56.500
63  0.960  0.938  55.028  56.500
64  0.960  0.939  54.917  56.500
65  0.959  0.937  55.000  56.500
66  0.957  0.935  55.139  56.250
67  0.957  0.934  55.361  56.500
68  0.957  0.936  55.306  56.250
69  0.956  0.935  55.444  56.250
70  0.955  0.935  55.389  56.250
71  0.954  0.935  55.583  56.250
72  0.954  0.934  55.556  56.250
73  0.954  0.934  55.472  56.000
74  0.953  0.934  55.583  56.000
75  0.953  0.934  55.611  55.750
76  0.952  0.933  55.556  56.250
77  0.952  0.933  55.694  56.250
78  0.951  0.935  55.778  56.500
79  0.951  0.934  55.778  56.500
80  0.951  0.934  55.694  56.500
81  0.950  0.935  55.750  56.000
82  0.950  0.935  55.667  56.500
83  0.950  0.935  55.806  56.000
84  0.950  0.935  55.750  56.000
85  0.949  0.936  55.722  56.250
86  0.949  0.934  55.556  56.250
87  0.948  0.937  55.639  56.750
88  0.949  0.938  55.667  56.750
89  0.948  0.939  55.917  56.500
90  0.949  0.939  55.583  56.750
91  0.947  0.938  55.861  56.750
92  0.948  0.937  55.556  56.750
93  0.947  0.938  55.556  56.500
94  0.947  0.935  55.778  56.750
95  0.946  0.935  55.972  56.750
96  0.946  0.939  55.722  56.500
97  0.946  0.935  55.806  56.250
98  0.945  0.936  55.611  56.250
99  0.945  0.931  55.722  56.750
100  0.944  0.934  55.667  56.750
101  0.945  0.935  55.500  57.250
102  0.945  0.932  55.639  56.750
103  0.944  0.939  55.833  56.750
104  0.945  0.937  55.639  56.500
105  0.945  0.931  55.556  57.500
106  0.944  0.941  55.778  56.500
107  0.943  0.939  55.750  56.500
108  0.943  0.936  55.750  56.750
109  0.944  0.939  55.722  55.750
110  0.944  0.933  55.611  57.000
111  0.943  0.938  55.861  56.250
112  0.942  0.942  55.667  57.000
113  0.940  0.930  55.583  56.500
114  0.941  0.950  55.861  56.750
115  0.944  0.933  55.639  56.750
116  0.943  0.949  55.806  56.750
117  0.939  0.932  55.778  56.750
118  0.942  0.951  55.639  56.500
119  0.943  0.941  55.556  56.750
120  0.937  0.923  56.028  57.000
121  0.942  0.946  55.694  56.750
122  0.939  0.931  55.611  56.250
123  0.941  0.950  55.611  56.500
124  0.940  0.952  55.639  57.250
125  0.939  0.930  55.667  56.500
126  0.936  0.940  56.083  57.250
127  0.937  0.940  55.444  56.000
128  0.937  0.940  55.722  57.000
129  0.947  0.958  54.917  57.000
130  0.948  0.950  54.778  57.000
131  0.944  0.949  55.361  57.000
132  0.937  0.949  55.389  56.500
133  0.942  0.965  55.083  57.250
134  0.943  0.960  55.333  57.500
135  0.944  0.957  55.083  57.000
136  0.944  0.950  55.333  57.750
137  0.940  0.951  55.583  57.000
138  0.939  0.943  55.306  58.250
139  0.942  0.949  55.500  58.250
140  0.937  0.942  55.750  57.250
141  0.935  0.949  55.806  57.750
142  0.943  0.958  55.222  58.250
143  0.943  0.963  55.083  57.250
144  0.941  0.953  55.889  58.000
145  0.941  0.962  55.444  57.250
146  0.942  0.953  55.444  58.250
147  0.935  0.942  55.333  57.000
148  0.935  0.947  55.778  58.250
149  0.943  0.963  55.194  57.750
150  0.937  0.944  55.611  57.500
151  0.935  0.939  55.722  57.250
152  0.944  0.948  55.139  57.750
153  0.940  0.943  55.417  57.500
154  0.934  0.948  55.556  58.250
155  0.939  0.945  55.583  58.250
156  0.935  0.941  55.861  57.250
157  0.943  0.951  55.056  57.000
158  0.941  0.949  55.500  58.250
159  0.938  0.947  55.694  58.500
160  0.935  0.942  55.361  57.500
161  0.934  0.944  55.778  58.250
162  0.938  0.950  55.611  58.250
163  0.935  0.944  55.694  57.500
164  0.935  0.941  55.528  57.500
165  0.935  0.943  55.694  57.000
166  0.935  0.941  55.833  56.750
167  0.934  0.942  55.944  56.750
168  0.932  0.936  55.750  56.500
169  0.932  0.938  55.889  56.500
170  0.933  0.938  56.083  56.250
171  0.932  0.936  55.944  56.500
172  0.933  0.938  55.972  56.250
173  0.932  0.936  56.028  55.750
174  0.931  0.938  56.250  55.750
175  0.932  0.933  56.333  56.000
176  0.931  0.939  56.333  56.500
177  0.930  0.938  56.278  56.250
178  0.932  0.933  56.250  57.000
179  0.933  0.939  56.333  57.250
180  0.936  0.940  56.056  57.000
181  0.934  0.945  55.694  57.250
182  0.934  0.949  55.833  56.500
183  0.935  0.946  55.861  57.750
184  0.935  0.951  55.833  57.000
185  0.934  0.950  55.694  57.000
186  0.934  0.951  55.861  56.250
187  0.933  0.951  55.889  57.000
188  0.935  0.955  55.944  56.750
189  0.935  0.957  55.889  58.500
190  0.936  0.959  55.667  57.000
191  0.935  0.962  55.917  56.500
192  0.933  0.963  56.222  56.250
193  0.935  0.966  56.083  58.000
194  0.937  0.973  56.028  57.750
195  0.936  0.972  55.722  56.250
196  0.934  0.973  55.972  56.500
197  0.935  0.975  56.111  57.250
198  0.935  0.976  55.694  56.000
199  0.934  0.979  56.194  57.000
200  0.936  0.980  55.694  56.250
201  0.934  0.981  56.056  55.750
202  0.935  0.985  56.056  56.250
203  0.936  0.984  55.694  55.250
204  0.934  0.985  56.278  56.750
205  0.936  0.992  56.139  56.250
206  0.936  0.986  55.694  55.000
207  0.931  0.989  56.333  57.250
208  0.937  0.996  56.139  56.000
209  0.935  0.990  55.806  54.500
210  0.931  0.994  56.472  54.500
211  0.933  0.996  56.306  56.000
212  0.935  1.004  56.278  55.750
213  0.936  0.994  55.944  54.250
214  0.933  0.995  56.639  55.750
215  0.932  0.995  56.194  53.750
216  0.933  0.996  56.528  56.000
217  0.932  0.998  55.944  54.250
218  0.933  1.003  56.639  55.250
219  0.933  1.001  56.056  53.500
220  0.933  1.002  56.639  55.250
221  0.932  1.001  56.167  54.000
222  0.930  1.003  56.667  55.250
223  0.933  1.003  56.222  54.500
224  0.934  1.007  56.556  55.000
225  0.932  1.004  56.556  55.250
226  0.932  1.011  56.667  55.500
227  0.933  1.013  56.333  55.000
228  0.935  1.016  56.333  54.750
229  0.934  1.016  56.194  54.750
230  0.934  1.020  56.250  54.250
231  0.934  1.019  56.444  55.000
232  0.935  1.020  56.222  54.750
233  0.935  1.023  56.222  54.250
234  0.934  1.022  56.472  54.750
235  0.935  1.026  55.917  53.500
236  0.936  1.025  56.250  54.250
237  0.936  1.026  56.167  54.000
238  0.935  1.028  56.111  53.750
239  0.936  1.029  55.944  54.250
240  0.936  1.027  55.889  54.000
241  0.936  1.031  56.000  53.000
242  0.936  1.027  56.111  53.750
243  0.936  1.030  56.278  53.500
244  0.936  1.030  56.333  53.500
245  0.936  1.028  56.306  53.500
246  0.936  1.030  56.361  53.500
247  0.937  1.030  56.417  53.500
248  0.936  1.029  56.556  53.250
249  0.937  1.029  56.417  53.250
250  0.937  1.028  56.444  53.500
251  0.937  1.027  56.361  53.500
252  0.937  1.023  56.750  53.750
253  0.937  1.020  56.500  54.250
254  0.937  1.017  56.528  55.000
255  0.936  1.016  56.500  54.750
256  0.936  1.018  56.722  55.250
257  0.936  1.016  56.694  55.000
258  0.937  1.015  56.833  55.250
259  0.936  1.012  56.889  55.250
260  0.936  1.011  56.500  55.250
261  0.936  1.009  56.667  55.250
262  0.936  1.010  56.833  55.750
263  0.935  1.007  56.694  55.250
264  0.936  1.005  56.750  55.250
265  0.935  1.002  56.639  55.250
266  0.935  1.001  56.611  55.500
267  0.935  1.001  56.778  55.250
268  0.935  1.001  56.806  55.500
269  0.935  0.998  56.750  55.500
270  0.935  0.997  56.750  55.500
271  0.934  0.996  56.778  55.500
272  0.935  0.995  56.833  56.000
273  0.934  0.995  56.722  55.750
274  0.934  0.994  56.806  55.750
275  0.934  0.993  56.833  56.000
276  0.934  0.993  56.889  56.000
277  0.934  0.992  56.889  55.750
278  0.934  0.989  56.722  56.000
279  0.935  0.985  56.806  56.250
280  0.935  0.988  56.694  56.500
281  0.935  0.983  56.917  56.750
282  0.934  0.983  56.722  56.750
283  0.934  0.981  56.806  56.500
284  0.934  0.981  56.778  56.500
285  0.934  0.979  56.944  57.250
286  0.934  0.980  56.750  56.500
287  0.934  0.977  56.694  56.500
288  0.934  0.979  56.889  57.750
289  0.935  0.974  56.917  57.250
290  0.935  0.969  56.972  58.500
291  0.935  0.967  56.972  58.000
292  0.935  0.969  56.667  58.000
293  0.935  0.965  56.778  57.750
294  0.934  0.967  57.000  58.000
295  0.935  0.961  56.944  58.000
296  0.934  0.964  56.806  58.000
297  0.935  0.962  56.944  58.000
298  0.934  0.961  56.639  58.250
299  0.934  0.960  56.750  58.000
300  0.934  0.959  56.806  57.750
301  0.934  0.958  56.778  58.000
302  0.934  0.958  56.750  58.000
303  0.934  0.957  56.778  58.000
304  0.934  0.955  56.639  58.000
305  0.934  0.954  56.583  58.500
306  0.934  0.954  56.417  57.500
307  0.933  0.949  56.389  57.500
308  0.934  0.950  56.306  58.000
309  0.934  0.949  56.361  58.000
310  0.933  0.947  56.417  57.250
311  0.933  0.947  56.500  57.250
312  0.933  0.947  56.500  57.250
313  0.933  0.945  56.361  57.000
314  0.934  0.946  56.417  57.000
315  0.934  0.944  56.417  57.000
316  0.934  0.942  56.361  57.750
317  0.933  0.940  56.278  57.500
318  0.933  0.941  56.389  57.000
319  0.933  0.940  56.528  57.500
320  0.932  0.938  56.417  57.750
321  0.932  0.939  56.444  57.250
322  0.933  0.937  56.694  57.500
323  0.932  0.936  56.528  57.750
324  0.932  0.933  56.306  58.250
325  0.932  0.934  56.528  58.500
326  0.932  0.932  56.417  58.500
327  0.932  0.933  56.361  58.750
328  0.932  0.932  56.306  58.000
329  0.932  0.932  56.306  58.750
330  0.932  0.931  56.417  58.500
331  0.932  0.929  56.389  58.500
332  0.932  0.928  56.472  58.500
333  0.932  0.928  56.333  59.000
334  0.931  0.927  56.278  59.250
335  0.931  0.927  56.500  59.250
336  0.931  0.926  56.472  59.000
337  0.931  0.928  56.417  59.500
338  0.931  0.925  56.583  59.250
339  0.931  0.926  56.444  58.750
340  0.931  0.926  56.444  59.000
341  0.931  0.926  56.361  58.750
342  0.931  0.926  56.333  58.500
343  0.932  0.923  56.361  59.000
344  0.931  0.921  56.361  59.000
345  0.931  0.921  56.333  59.000
346  0.931  0.921  56.278  59.000
347  0.931  0.919  56.222  58.500
348  0.930  0.919  56.250  58.250
349  0.931  0.920  56.333  58.500
350  0.931  0.920  56.306  58.250
351  0.930  0.918  56.278  59.250
352  0.929  0.917  56.528  59.500
353  0.929  0.918  56.583  58.750
354  0.929  0.921  56.500  59.000
355  0.931  0.922  56.194  58.500
356  0.930  0.916  56.333  59.000
357  0.930  0.922  56.361  58.500
358  0.930  0.917  56.194  58.500
359  0.931  0.922  56.333  58.750
360  0.930  0.918  56.361  59.000
361  0.930  0.915  56.167  59.000
362  0.933  0.914  56.139  58.500
363  0.933  0.912  56.167  58.250
364  0.932  0.913  56.083  58.250
365  0.932  0.912  56.083  58.500
366  0.931  0.914  56.222  58.250
367  0.931  0.918  56.222  58.250
368  0.930  0.914  56.194  58.500
369  0.930  0.919  56.056  58.250
370  0.930  0.915  56.167  58.750
371  0.931  0.913  56.361  58.250
372  0.931  0.913  56.222  58.250
373  0.931  0.917  56.306  57.750
374  0.930  0.916  56.361  58.250
375  0.931  0.915  56.333  57.750
376  0.930  0.918  56.556  58.500
377  0.931  0.914  56.444  58.250
378  0.931  0.918  56.417  58.500
379  0.930  0.916  56.528  58.500
380  0.931  0.914  56.333  58.250
381  0.930  0.914  56.500  58.250
382  0.931  0.917  56.333  58.250
383  0.929  0.916  56.444  58.250
384  0.930  0.915  56.500  58.750
385  0.928  0.915  56.750  58.500
386  0.930  0.915  56.500  58.250
387  0.929  0.917  56.583  58.750
388  0.930  0.917  56.389  58.750
389  0.930  0.919  56.417  58.250
390  0.928  0.918  56.667  58.750
391  0.930  0.920  56.389  58.000
392  0.928  0.921  56.556  58.000
393  0.931  0.924  56.361  58.000
394  0.928  0.921  56.556  58.000
395  0.930  0.919  56.472  57.750
396  0.930  0.927  56.722  58.250
397  0.929  0.918  56.583  58.000
398  0.929  0.915  56.556  58.500
399  0.928  0.919  56.639  58.750
400  0.928  0.919  56.500  58.500
