1  1.338  1.311  37.028  42.250
2  1.321  1.314  37.611  39.750
3  1.311  1.322  38.111  35.500
4  1.304  1.309  38.722  39.000
5  1.299  1.310  39.194  40.000
6  1.305  1.568  39.028  17.000
7  1.316  1.312  38.472  40.250
8  1.312  1.314  38.611  40.750
9  1.311  1.319  38.583  38.750
10  1.310  1.313  38.417  41.250
11  1.309  1.310  38.500  38.000
12  1.308  1.305  38.361  39.750
13  1.309  1.312  38.472  40.250
14  1.307  1.308  38.250  41.000
15  1.305  1.303  38.083  39.750
16  1.306  1.323  38.250  30.750
17  1.304  1.309  38.139  41.000
18  1.304  1.306  38.111  40.500
19  1.303  1.302  37.972  39.500
20  1.303  1.299  38.167  39.750
21  1.303  1.303  38.028  38.250
22  1.302  1.316  37.806  28.000
23  1.301  1.302  38.000  39.250
24  1.300  1.301  37.917  39.250
25  1.300  1.300  38.222  39.250
26  1.299  1.302  38.444  39.500
27  1.298  1.291  39.028  39.500
28  1.298  1.294  38.806  41.250
29  1.298  1.292  39.083  42.250
30  1.297  1.298  39.028  41.250
31  1.296  1.291  39.333  41.750
32  1.297  1.288  39.500  41.750
33  1.295  1.288  39.444  41.750
34  1.295  1.288  39.667  41.750
35  1.295  1.299  39.389  42.500
36  1.295  1.289  39.500  42.000
37  1.294  1.287  39.611  42.000
38  1.293  1.286  39.556  41.750
39  1.293  1.288  39.639  41.750
40  1.293  1.290  39.528  41.750
41  1.293  1.297  39.250  41.750
42  1.293  1.296  39.444  41.250
43  1.292  1.294  39.444  41.750
44  1.291  1.291  39.500  41.750
45  1.291  1.291  39.583  41.750
46  1.291  1.292  39.750  41.250
47  1.291  1.289  39.611  41.250
48  1.290  1.291  39.778  41.750
49  1.290  1.291  39.778  42.500
50  1.289  1.293  40.056  42.500
51  1.289  1.291  40.139  41.750
52  1.288  1.293  39.972  42.500
53  1.288  1.290  40.361  42.500
54  1.287  1.293  40.389  42.000
55  1.287  1.288  40.694  42.500
56  1.287  1.284  40.444  41.750
57  1.286  1.287  40.806  41.250
58  1.285  1.287  40.611  41.250
59  1.284  1.286  40.639  41.250
60  1.284  1.284  40.750  41.750
61  1.283  1.281  40.639  41.750
62  1.283  1.284  40.833  42.500
63  1.281  1.282  40.639  42.750
64  1.280  1.284  40.694  42.500
65  1.280  1.279  40.694  43.250
66  1.279  1.282  41.000  43.250
67  1.279  1.279  41.389  43.250
68  1.277  1.280  41.528  43.250
69  1.276  1.278  41.444  43.250
70  1.275  1.277  41.278  43.500
71  1.274  1.275  41.528  43.500
72  1.273  1.274  41.556  43.500
73  1.272  1.272  41.861  44.000
74  1.271  1.271  41.917  44.000
75  1.270  1.271  41.972  43.500
76  1.269  1.271  41.944  43.250
77  1.269  1.272  42.028  43.500
78  1.267  1.273  41.972  44.750
79  1.267  1.271  42.056  44.250
80  1.266  1.272  41.972  44.750
81  1.265  1.270  42.194  45.000
82  1.264  1.270  42.028  45.500
83  1.263  1.271  42.389  43.750
84  1.263  1.268  42.083  44.500
85  1.263  1.267  42.222  44.250
86  1.263  1.265  42.417  44.000
87  1.261  1.261  42.167  45.500
88  1.261  1.262  41.944  45.500
89  1.262  1.261  42.194  45.500
90  1.261  1.258  42.056  45.500
91  1.260  1.255  42.083  45.000
92  1.258  1.255  42.250  44.750
93  1.258  1.253  42.250  45.750
94  1.258  1.255  42.167  44.750
95  1.257  1.255  42.139  45.000
96  1.258  1.257  42.139  45.000
97  1.257  1.258  42.139  45.000
98  1.256  1.255  42.417  44.750
99  1.256  1.253  42.139  45.750
100  1.256  1.254  42.361  45.000
101  1.256  1.254  42.417  45.500
102  1.255  1.253  42.167  44.750
103  1.255  1.255  41.972  45.000
104  1.255  1.255  41.944  45.000
105  1.254  1.254  42.167  44.750
106  1.255  1.255  42.278  44.750
107  1.255  1.254  42.194  44.750
108  1.254  1.256  42.361  45.000
109  1.254  1.255  42.333  45.000
110  1.253  1.255  42.028  44.750
111  1.255  1.253  42.361  44.750
112  1.253  1.254  42.417  45.000
113  1.254  1.254  42.056  44.750
114  1.253  1.253  42.500  44.750
115  1.253  1.254  42.333  44.750
116  1.254  1.249  42.472  45.000
117  1.252  1.251  41.806  44.500
118  1.253  1.254  42.500  45.000
119  1.253  1.252  42.500  44.500
120  1.253  1.253  42.139  44.750
121  1.252  1.256  42.444  44.750
122  1.253  1.252  42.528  44.750
123  1.251  1.250  42.250  44.500
124  1.250  1.252  42.111  44.500
125  1.251  1.255  42.111  44.500
126  1.252  1.251  41.972  44.000
127  1.252  1.252  42.472  44.750
128  1.249  1.251  41.806  44.500
129  1.250  1.253  42.194  44.250
130  1.249  1.251  42.222  44.250
131  1.251  1.251  42.194  44.500
132  1.249  1.252  42.056  44.250
133  1.248  1.252  41.944  44.250
134  1.250  1.249  42.194  44.250
135  1.250  1.252  42.194  44.250
136  1.250  1.252  42.306  43.500
137  1.250  1.251  42.083  44.250
138  1.248  1.251  42.111  43.500
139  1.250  1.254  42.222  43.250
140  1.250  1.254  42.139  43.250
141  1.249  1.255  42.167  43.500
142  1.250  1.252  42.083  44.250
143  1.249  1.253  42.083  43.500
144  1.248  1.251  42.417  43.250
145  1.248  1.252  42.167  43.500
146  1.249  1.254  42.472  43.500
147  1.248  1.252  42.194  43.500
148  1.246  1.252  42.333  43.750
149  1.246  1.252  42.306  43.500
150  1.248  1.252  42.000  43.250
151  1.248  1.254  42.500  43.500
152  1.250  1.251  41.861  44.250
153  1.249  1.252  42.000  44.250
154  1.249  1.251  42.000  43.500
155  1.248  1.250  42.111  44.250
156  1.248  1.249  42.306  43.500
157  1.248  1.248  42.194  43.500
158  1.248  1.254  42.056  43.250
159  1.248  1.250  42.250  44.250
160  1.247  1.251  42.222  43.250
161  1.248  1.252  42.472  43.250
162  1.248  1.249  42.083  44.250
163  1.246  1.251  42.528  43.250
164  1.248  1.250  42.000  44.000
165  1.247  1.250  42.361  43.250
166  1.248  1.251  42.167  43.250
167  1.246  1.248  42.500  44.250
168  1.245  1.249  42.333  43.250
169  1.246  1.250  42.389  43.500
170  1.248  1.251  42.056  43.250
171  1.247  1.250  42.111  43.500
172  1.247  1.250  42.306  43.500
173  1.245  1.248  42.556  43.250
174  1.245  1.249  42.028  43.500
175  1.245  1.248  42.417  43.250
176  1.244  1.251  42.250  44.500
177  1.245  1.251  42.222  43.500
178  1.244  1.251  42.472  43.500
179  1.244  1.249  42.306  43.500
180  1.249  1.245  42.056  43.750
181  1.247  1.248  42.278  43.000
182  1.243  1.250  42.444  43.500
183  1.247  1.251  42.056  43.000
184  1.244  1.249  42.528  43.500
185  1.246  1.247  42.333  43.000
186  1.246  1.248  42.222  43.500
187  1.246  1.249  41.972  43.250
188  1.245  1.250  42.278  43.500
189  1.245  1.248  42.194  43.500
190  1.244  1.251  42.500  43.500
191  1.244  1.248  42.444  43.000
192  1.243  1.250  42.278  43.750
193  1.242  1.252  42.472  43.500
194  1.247  1.247  42.278  43.500
195  1.248  1.246  42.417  43.750
196  1.242  1.249  42.694  43.750
197  1.241  1.252  42.778  44.250
198  1.249  1.250  42.111  44.250
199  1.241  1.250  42.583  43.500
200  1.243  1.248  42.528  43.500
201  1.244  1.247  42.250  43.250
202  1.243  1.247  42.444  43.500
203  1.243  1.247  42.111  43.500
204  1.244  1.246  42.528  43.500
205  1.243  1.250  42.611  43.500
206  1.242  1.250  42.611  43.750
207  1.242  1.248  42.583  43.250
208  1.242  1.249  42.639  43.500
209  1.242  1.250  42.750  43.750
210  1.241  1.248  42.889  43.500
211  1.242  1.250  43.000  43.500
212  1.245  1.249  42.722  44.500
213  1.240  1.251  42.833  43.500
214  1.240  1.253  42.889  43.750
215  1.242  1.255  42.472  43.500
216  1.241  1.252  42.806  43.750
217  1.241  1.250  42.611  44.000
218  1.241  1.251  42.556  44.000
219  1.241  1.251  42.750  43.750
220  1.239  1.250  43.028  44.250
221  1.240  1.248  42.778  43.250
222  1.240  1.250  42.667  43.500
223  1.245  1.252  41.972  43.500
224  1.240  1.254  42.417  43.750
225  1.239  1.257  42.750  43.500
226  1.239  1.255  42.833  43.500
227  1.240  1.254  42.417  43.750
228  1.238  1.254  42.583  44.000
229  1.239  1.252  42.306  43.500
230  1.238  1.254  42.472  44.000
231  1.241  1.256  42.111  43.500
232  1.238  1.257  42.472  43.750
233  1.238  1.256  42.444  43.750
234  1.242  1.255  42.028  43.750
235  1.241  1.258  42.250  44.000
236  1.244  1.256  41.694  43.500
237  1.240  1.253  42.639  43.500
238  1.237  1.253  42.444  43.750
