1  1.348  1.361  37.417  34.750
2  1.346  1.358  37.694  34.750
3  1.344  1.358  37.694  34.750
4  1.345  1.363  37.694  34.750
5  1.346  1.358  37.694  34.750
6  1.345  1.356  37.694  34.750
7  1.345  1.361  37.694  34.750
8  1.346  1.360  37.694  34.750
9  1.345  1.360  37.694  34.750
10  1.345  1.360  37.694  34.750
11  1.345  1.360  37.694  34.750
12  1.345  1.360  37.694  34.750
13  1.345  1.360  37.694  34.750
14  1.345  1.360  37.694  34.750
15  1.345  1.360  37.694  34.750
16  1.345  1.360  37.694  34.750
17  1.345  1.360  37.694  34.750
18  1.345  1.360  37.694  34.750
19  1.345  1.360  37.694  34.750
20  1.345  1.360  37.694  34.750
21  1.345  1.360  37.694  34.750
22  1.345  1.360  37.694  34.750
23  1.345  1.360  37.694  34.750
24  1.345  1.360  37.694  34.750
