1  1.168  1.043  44.861  50.500
2  1.020  1.048  52.083  52.250
3  0.997  1.095  53.389  48.750
4  0.987  1.017  53.472  51.500
5  0.989  1.278  53.778  40.000
6  0.974  1.033  54.083  52.000
7  0.977  2.064  54.333  30.250
8  0.969  1.014  54.833  53.250
9  0.967  1.194  55.167  43.500
10  0.961  1.122  55.556  45.250
11  0.965  1.071  55.278  50.500
12  0.960  1.599  55.000  36.500
13  0.954  1.296  55.361  43.250
14  0.950  1.213  55.750  44.750
15  0.947  1.303  56.083  44.000
16  0.945  1.474  55.917  40.000
17  0.946  1.361  56.083  42.250
18  0.941  1.811  56.556  37.000
19  0.940  1.705  56.417  38.250
20  0.937  2.011  56.500  35.250
21  0.940  1.873  56.250  36.500
22  0.936  1.434  56.361  41.750
23  0.935  1.336  56.833  43.500
24  0.933  1.787  56.806  38.250
25  0.932  1.712  56.472  39.500
26  0.932  1.696  56.389  40.000
27  0.929  1.848  56.806  38.500
28  0.931  1.436  56.361  42.000
29  0.929  1.107  56.389  49.500
30  0.929  1.788  56.472  39.750
31  0.923  1.711  57.167  41.250
32  0.925  1.326  57.111  47.750
33  0.923  2.133  56.972  37.500
34  0.921  1.954  57.056  39.750
35  0.919  1.619  57.250  42.750
36  0.918  2.127  57.500  37.500
37  0.917  3.017  57.722  31.750
38  0.916  1.856  57.750  40.250
39  0.922  1.629  57.306  42.000
40  0.917  2.101  57.694  36.500
41  0.915  2.047  57.472  38.250
42  0.917  4.622  57.889  26.500
43  0.915  4.584  58.056  27.000
44  0.915  2.737  57.861  32.500
45  0.913  3.650  57.944  28.000
46  0.915  3.943  57.944  26.750
47  0.915  1.561  57.861  39.250
48  0.919  3.964  57.861  25.750
49  0.913  2.780  58.111  31.000
50  0.913  4.231  57.944  26.750
51  0.914  3.343  57.861  28.250
52  0.914  3.030  57.750  29.250
53  0.912  1.406  58.306  45.250
54  0.912  2.105  58.222  35.250
55  0.912  2.228  58.111  32.500
56  0.911  2.504  58.500  31.250
57  0.910  2.251  58.444  32.500
58  0.909  1.863  58.528  36.750
59  0.908  2.242  58.444  32.000
60  0.908  1.928  58.139  36.250
61  0.909  1.881  58.222  36.000
62  0.907  1.791  58.639  36.750
63  0.906  1.888  58.556  35.500
64  0.905  2.085  58.806  32.250
65  0.903  2.063  58.583  33.250
66  0.903  1.970  58.806  34.750
67  0.903  1.965  59.056  34.500
68  0.903  2.226  58.417  32.000
69  0.904  2.174  58.500  32.000
70  0.903  1.917  58.306  35.500
71  0.901  3.146  58.361  27.000
72  0.908  1.980  58.639  33.000
73  0.899  2.393  58.139  30.000
74  0.900  2.271  58.306  30.750
75  0.898  2.424  58.556  29.250
76  0.899  2.895  57.750  28.000
77  0.898  2.935  58.056  27.250
78  0.897  2.501  58.417  29.250
79  0.894  2.390  58.750  29.250
80  0.896  2.087  58.306  32.000
81  0.895  2.443  58.222  29.750
82  0.896  2.623  58.000  28.750
83  0.896  1.774  58.722  37.750
84  0.894  1.849  58.333  35.500
85  0.894  2.509  58.528  29.250
86  0.894  2.077  58.583  32.500
87  0.892  1.827  58.694  36.000
88  0.893  1.876  58.833  35.000
89  0.893  1.973  58.667  34.500
90  0.892  2.045  58.778  33.000
91  0.891  1.622  58.889  39.250
92  0.888  1.908  59.000  33.750
93  0.890  2.210  59.139  30.750
94  0.889  1.607  59.250  38.500
95  0.888  1.538  59.417  39.750
96  0.888  1.747  59.306  36.500
97  0.888  1.348  59.250  44.000
98  0.888  1.838  59.056  34.750
99  0.886  1.884  59.222  35.000
100  0.887  1.791  59.194  35.250
101  0.888  1.631  59.528  37.500
102  0.886  1.433  59.306  41.000
103  0.886  1.536  59.472  40.500
104  0.888  1.769  59.417  36.000
105  0.886  1.996  59.278  33.500
106  0.882  1.904  59.583  34.500
107  0.885  1.845  59.222  34.500
108  0.882  1.748  59.806  36.750
109  0.884  1.630  59.417  38.250
110  0.882  2.640  59.611  29.000
111  0.881  2.041  59.639  33.750
112  0.880  3.094  59.806  27.250
113  0.879  2.693  59.833  28.500
114  0.879  2.136  59.861  33.750
115  0.879  2.336  60.000  31.000
116  0.877  2.921  60.083  27.500
117  0.876  3.462  60.083  25.500
118  0.877  1.797  59.750  35.500
119  0.875  3.159  59.806  26.500
120  0.875  3.678  59.722  24.750
121  0.875  3.928  59.528  24.750
122  0.875  2.164  59.528  32.500
123  0.874  2.276  60.056  32.000
124  0.872  3.005  60.472  27.500
125  0.873  2.643  59.917  29.000
126  0.872  2.386  59.889  31.000
127  0.872  1.474  59.306  43.000
128  0.872  1.534  59.361  43.000
129  0.872  2.258  59.583  33.000
130  0.871  2.113  59.667  35.250
131  0.872  1.906  59.722  36.250
132  0.870  2.170  60.083  35.250
133  0.869  2.053  59.889  35.750
134  0.869  2.174  59.806  34.500
135  0.868  1.531  60.056  44.500
136  0.868  2.277  59.944  34.250
137  0.868  2.038  59.444  36.250
138  0.868  2.103  59.472  35.750
139  0.868  1.723  59.861  39.000
140  0.866  1.361  60.083  48.500
141  0.866  1.594  59.500  42.500
142  0.870  2.702  59.778  29.250
143  0.870  2.673  59.806  29.250
144  0.868  2.520  59.750  31.000
145  0.866  2.824  59.806  28.750
146  0.868  2.748  59.917  28.750
147  0.868  2.809  59.722  29.000
148  0.867  2.117  59.583  35.250
149  0.867  2.320  60.028  33.000
150  0.869  2.681  60.083  29.750
151  0.868  1.856  59.639  38.750
152  0.867  2.437  59.472  31.500
153  0.868  2.147  59.806  34.750
154  0.867  2.547  59.750  29.500
155  0.866  1.875  59.972  38.000
156  0.867  2.385  59.778  32.250
157  0.865  2.392  60.222  31.750
158  0.867  1.681  59.861  40.500
159  0.870  1.289  59.889  50.750
160  0.869  1.614  59.778  40.750
161  0.868  1.905  60.139  37.250
162  0.867  1.693  59.611  40.500
163  0.867  1.415  59.750  46.500
164  0.871  1.579  60.028  41.000
165  0.869  1.460  60.000  44.500
166  0.865  1.224  60.083  53.250
167  0.868  2.303  60.139  31.500
168  0.866  1.521  59.972  43.000
169  0.864  1.617  60.139  40.750
170  0.866  1.771  60.167  38.000
171  0.865  1.559  60.083  42.250
172  0.865  2.327  60.222  32.250
173  0.865  2.170  60.167  33.000
174  0.866  2.085  60.000  34.500
175  0.865  1.692  60.139  39.500
176  0.867  1.604  59.889  42.000
177  0.865  1.487  59.667  45.000
178  0.866  1.566  60.611  42.250
179  0.867  1.167  60.417  54.250
180  0.865  1.425  60.389  46.750
181  0.866  1.609  60.250  42.000
182  0.864  2.163  60.278  34.500
183  0.864  2.147  60.083  34.750
184  0.865  1.747  60.028  40.000
185  0.863  1.711  60.000  41.250
186  0.863  1.485  60.111  45.750
187  0.862  2.094  60.611  35.250
188  0.863  1.662  60.361  41.500
189  0.864  2.142  60.111  34.750
190  0.864  2.333  60.194  33.250
191  0.864  2.086  60.056  36.000
192  0.862  1.924  60.306  38.500
193  0.863  2.663  60.222  29.250
194  0.863  2.083  60.306  36.000
195  0.862  1.617  60.028  43.000
196  0.862  2.148  60.444  34.750
197  0.863  2.609  60.222  30.000
198  0.861  1.964  60.306  37.500
199  0.865  1.997  60.167  38.000
200  0.865  1.707  59.972  40.750
201  0.862  1.924  60.028  38.500
202  0.860  1.568  60.500  45.500
203  0.860  1.785  60.250  41.000
204  0.861  1.176  60.389  54.750
205  0.860  1.679  60.306  43.250
206  0.861  1.539  60.306  44.750
207  0.861  2.391  60.250  34.000
208  0.860  1.752  60.667  41.250
209  0.860  2.496  60.333  31.500
210  0.860  1.629  60.528  42.750
211  0.859  2.057  60.528  37.000
212  0.861  2.173  60.139  36.250
213  0.859  1.842  60.500  38.750
214  0.860  2.008  60.361  37.500
215  0.860  1.642  60.333  43.250
216  0.860  1.770  60.056  40.750
217  0.860  1.666  60.056  43.000
218  0.857  1.725  60.417  42.250
219  0.861  1.818  60.111  40.000
220  0.861  1.805  60.111  38.750
221  0.860  1.445  60.472  47.500
222  0.858  2.327  60.194  34.750
223  0.859  2.155  60.556  36.250
224  0.860  1.940  60.472  37.500
225  0.862  2.299  60.444  33.500
226  0.862  1.706  60.167  42.500
227  0.860  2.316  60.389  33.250
228  0.861  2.152  60.667  37.250
229  0.860  1.903  60.472  37.750
230  0.860  1.553  60.222  45.750
231  0.861  1.454  60.194  47.000
232  0.860  1.306  60.361  52.000
233  0.860  1.752  60.222  41.750
234  0.859  2.483  60.361  31.750
235  0.860  1.726  60.278  43.000
236  0.859  1.847  60.167  40.500
237  0.861  1.955  60.389  38.250
238  0.859  1.603  60.333  44.500
239  0.861  1.742  59.972  42.500
240  0.860  1.820  60.250  40.500
241  0.860  1.838  60.194  40.000
242  0.859  1.616  60.333  44.750
243  0.857  1.679  60.417  43.750
244  0.860  1.928  60.500  39.750
245  0.859  1.934  60.222  39.750
246  0.860  2.082  60.361  37.750
247  0.862  2.043  60.028  37.750
248  0.862  2.520  59.750  31.250
249  0.863  1.417  59.806  48.750
250  0.860  1.766  60.194  41.000
251  0.861  1.883  59.806  38.750
252  0.860  1.637  60.083  45.000
253  0.866  1.470  59.944  47.500
254  0.860  1.865  59.944  39.500
255  0.859  1.410  59.972  49.000
256  0.858  1.510  59.972  47.000
257  0.860  1.385  60.139  49.000
258  0.859  1.907  60.139  40.000
259  0.858  1.551  60.194  45.250
260  0.856  1.469  60.306  47.500
261  0.857  1.366  60.111  49.250
262  0.858  1.932  60.222  38.250
263  0.860  1.522  60.361  46.750
264  0.858  1.647  60.444  44.000
265  0.858  1.786  60.111  41.750
266  0.858  1.371  60.306  50.000
267  0.857  2.151  60.306  36.250
