1  1.339  1.348  37.278  35.250
2  1.308  1.319  39.167  37.500
3  1.239  1.401  42.167  38.250
4  1.068  1.070  49.111  52.000
5  1.032  1.001  51.028  53.000
6  1.015  1.038  52.111  51.750
7  1.008  1.048  52.611  50.000
8  1.001  1.140  52.861  45.500
9  0.998  1.142  52.972  46.000
10  0.994  1.227  53.583  39.000
11  0.993  1.060  53.111  48.750
12  0.982  1.142  53.833  46.500
13  0.977  1.203  53.944  42.250
14  0.974  1.254  54.361  39.000
15  0.972  1.261  54.583  40.000
16  0.969  1.253  54.389  39.500
17  0.966  1.267  54.639  39.500
18  0.963  1.222  54.944  41.500
19  0.960  1.262  54.639  40.500
20  0.958  1.242  54.639  42.000
21  0.952  1.184  54.833  44.250
22  0.946  1.234  55.500  41.500
23  0.944  1.155  55.694  46.500
24  0.941  1.142  55.972  47.500
25  0.940  1.098  56.500  50.750
26  0.939  1.106  56.056  50.250
27  0.938  1.088  56.389  51.500
28  0.937  1.076  56.583  51.500
29  0.935  1.085  56.528  51.250
30  0.935  1.106  56.639  50.750
31  0.936  1.130  56.417  50.250
32  0.934  1.092  56.556  51.000
33  0.933  1.088  56.611  51.500
34  0.933  1.105  56.611  51.000
35  0.932  1.109  56.667  51.250
36  0.931  1.107  56.444  51.250
37  0.930  1.081  56.611  52.250
38  0.930  1.088  56.722  52.000
39  0.929  1.118  56.639  51.500
40  0.929  1.090  56.861  52.000
41  0.929  1.099  56.694  51.750
42  0.928  1.086  56.889  53.000
43  0.927  1.077  56.750  53.000
44  0.927  1.078  56.778  51.750
45  0.926  1.108  56.778  51.250
46  0.928  1.120  56.889  50.500
47  0.927  1.109  57.028  51.250
48  0.926  1.092  56.889  51.500
49  0.926  1.097  57.083  51.000
50  0.926  1.080  56.917  51.750
51  0.926  1.084  57.083  51.250
52  0.925  1.074  57.083  51.500
53  0.924  1.089  57.111  51.500
54  0.925  1.063  56.944  52.000
55  0.924  1.059  56.972  52.500
56  0.924  1.052  57.139  52.500
57  0.924  1.040  56.944  53.250
58  0.924  1.051  57.528  52.500
59  0.926  1.039  57.333  53.000
60  0.927  1.008  57.278  53.750
61  0.924  1.018  57.056  54.000
62  0.924  1.042  57.250  52.000
63  0.923  1.034  57.250  52.750
64  0.923  1.020  57.278  53.500
65  0.923  1.019  56.972  53.500
66  0.923  1.011  57.556  54.000
67  0.922  1.014  57.500  53.750
68  0.923  1.004  57.194  54.500
69  0.923  1.015  57.139  53.750
70  0.922  1.009  57.389  54.000
71  0.922  1.010  57.222  54.000
72  0.922  1.017  57.472  53.750
73  0.922  1.005  57.444  54.000
74  0.922  0.999  57.083  54.250
75  0.921  1.020  57.167  53.750
76  0.921  1.005  57.278  54.500
77  0.921  0.998  57.333  54.000
78  0.922  0.998  57.500  54.000
79  0.922  0.999  57.194  53.750
80  0.921  0.985  57.528  54.500
81  0.921  0.999  57.333  54.000
82  0.921  0.996  57.278  53.750
83  0.921  0.990  57.250  53.750
84  0.921  0.986  57.417  54.500
85  0.921  0.987  57.306  54.500
86  0.920  0.990  57.306  53.750
87  0.921  1.007  57.472  53.500
88  0.920  1.017  57.250  53.500
89  0.920  1.014  57.361  53.000
90  0.919  1.001  57.667  53.750
91  0.918  1.030  57.611  53.000
92  0.918  1.033  57.444  53.250
93  0.919  1.034  57.583  53.000
94  0.918  1.001  57.472  54.000
95  0.918  1.024  57.361  53.750
96  0.918  1.034  57.444  53.500
97  0.918  1.001  57.472  53.750
98  0.918  1.010  57.083  54.000
99  0.919  1.019  57.472  53.000
100  0.918  1.016  57.250  53.500
101  0.917  1.048  57.194  51.750
102  0.918  1.053  57.333  52.250
103  0.918  1.026  57.167  53.750
104  0.916  1.041  57.167  53.000
105  0.917  1.022  57.111  53.250
106  0.917  1.012  57.306  53.750
107  0.917  1.007  57.222  53.250
108  0.916  1.009  57.306  53.750
109  0.916  1.004  57.194  53.750
110  0.916  1.035  57.111  53.000
111  0.915  1.014  57.083  54.250
112  0.916  1.006  57.361  53.000
113  0.915  1.029  57.278  54.250
114  0.916  1.018  57.194  53.500
115  0.916  1.009  57.361  53.500
116  0.915  0.999  57.333  53.750
117  0.915  0.994  57.222  54.000
118  0.914  1.004  57.250  55.000
119  0.914  1.006  57.472  54.000
120  0.911  0.997  57.694  54.250
121  0.913  0.995  57.417  53.500
122  0.914  1.003  57.389  54.250
123  0.913  1.015  57.444  53.750
124  0.913  1.012  57.361  54.750
125  0.912  0.992  57.667  54.000
126  0.913  0.994  57.500  53.750
127  0.913  0.987  57.278  54.250
128  0.913  0.989  57.444  54.000
129  0.912  0.989  57.333  53.750
130  0.912  1.003  57.333  54.000
131  0.913  0.983  57.250  53.750
132  0.913  0.988  57.417  53.250
133  0.913  0.984  57.556  54.000
134  0.913  0.970  57.667  54.250
135  0.912  0.966  57.389  53.500
136  0.911  0.974  57.333  54.250
137  0.912  0.980  57.306  54.000
138  0.913  0.961  57.500  54.500
139  0.911  0.966  57.250  54.750
140  0.910  0.972  57.361  54.250
141  0.910  0.961  57.611  53.750
142  0.910  0.959  57.528  54.500
143  0.911  0.963  57.611  53.750
144  0.910  0.957  57.806  54.250
145  0.910  0.961  57.417  54.500
146  0.909  0.967  57.528  54.750
147  0.909  0.953  57.750  54.750
148  0.909  0.961  57.583  54.500
149  0.909  0.958  57.722  54.000
150  0.909  0.951  57.556  54.500
151  0.908  0.947  57.722  54.750
152  0.909  0.946  57.694  54.500
153  0.907  0.949  57.722  54.750
154  0.908  0.943  57.667  55.250
155  0.908  0.936  57.694  55.750
156  0.908  0.931  57.667  56.500
157  0.908  0.943  57.583  55.000
158  0.910  0.970  57.583  55.000
159  0.909  0.969  57.472  55.000
160  0.909  0.984  57.611  54.250
161  0.910  0.950  57.806  55.500
162  0.909  0.977  57.472  54.000
163  0.910  0.978  57.583  54.000
164  0.910  0.949  57.833  55.000
165  0.909  0.970  57.556  54.250
166  0.909  0.970  57.611  55.250
167  0.909  0.969  57.528  55.250
168  0.909  0.967  57.417  55.250
169  0.908  0.951  57.722  55.250
170  0.909  0.951  57.417  55.500
171  0.908  0.938  57.833  56.000
172  0.908  0.954  57.722  55.500
173  0.909  0.927  57.583  57.250
174  0.908  0.941  57.694  56.000
175  0.908  0.939  57.889  56.250
176  0.908  0.959  57.611  55.250
177  0.907  0.950  57.750  56.000
178  0.907  0.955  57.361  55.250
179  0.908  0.944  57.861  56.000
180  0.907  0.938  58.028  56.500
181  0.908  0.939  57.583  54.750
182  0.907  0.943  57.750  57.000
183  0.907  0.961  57.639  55.500
184  0.908  0.942  57.667  56.750
185  0.907  0.949  57.583  55.250
186  0.907  0.944  57.833  56.750
187  0.907  0.950  57.722  55.750
188  0.906  0.960  57.667  55.250
189  0.907  0.952  57.556  55.500
190  0.906  0.954  57.722  55.750
191  0.907  0.943  57.806  54.750
192  0.906  0.958  57.694  55.500
193  0.906  0.942  57.556  56.500
194  0.906  0.960  57.639  54.750
195  0.907  0.933  57.611  56.500
196  0.906  0.959  57.667  56.250
197  0.905  0.974  57.583  54.250
198  0.906  0.934  57.556  55.750
199  0.905  0.956  57.806  55.250
200  0.905  0.942  57.889  55.250
