1  1.938  2.223  32.194  35.000
2  1.623  2.110  35.944  32.500
3  1.589  1.996  35.167  33.000
4  1.593  1.842  37.194  35.250
5  1.439  1.624  36.417  29.750
6  1.409  1.396  36.861  36.750
7  1.357  1.448  37.472  34.000
8  1.352  1.419  37.778  39.250
9  1.339  1.382  38.083  36.750
10  1.332  1.374  38.250  35.000
11  1.311  1.377  39.306  33.750
12  1.308  1.370  39.389  34.750
13  1.309  1.376  39.222  35.750
14  1.292  1.343  39.389  38.250
15  1.289  1.362  39.417  35.000
16  1.290  1.337  38.889  38.000
17  1.281  1.350  40.056  37.250
18  1.291  1.351  39.889  35.250
19  1.282  1.349  39.444  37.250
20  1.293  1.347  39.389  35.750
21  1.285  1.347  39.778  38.750
22  1.271  1.338  40.583  35.500
23  1.265  1.344  41.167  38.750
24  1.274  1.325  40.639  39.250
25  1.276  1.351  40.639  37.000
26  1.266  1.322  40.722  37.250
27  1.262  1.364  41.556  37.500
28  1.254  1.306  41.611  41.250
29  1.199  1.220  44.111  43.250
30  1.103  1.167  48.944  45.000
31  1.071  1.170  50.472  47.250
32  1.023  1.178  52.472  47.500
33  0.996  1.137  53.889  47.750
34  0.979  1.165  54.889  47.250
35  0.971  1.171  54.333  48.250
36  0.969  1.143  55.417  47.250
37  0.958  1.118  54.139  49.250
38  0.940  1.163  56.194  47.500
39  0.931  1.173  56.583  48.500
40  0.947  1.117  56.250  47.500
41  0.941  1.153  56.167  50.000
42  0.932  1.106  56.972  50.500
43  0.928  1.169  57.444  50.750
44  0.913  1.136  57.611  48.750
45  0.914  1.148  57.028  49.250
46  0.912  1.209  57.556  44.750
47  0.920  1.161  57.556  51.250
48  0.893  1.151  57.750  50.000
49  0.910  1.159  57.667  50.500
50  0.905  1.120  58.694  48.250
51  0.898  1.214  58.472  48.500
52  0.904  1.192  58.250  49.750
53  0.919  1.159  56.639  50.500
54  0.889  1.154  57.972  50.500
55  0.874  1.172  58.528  50.500
56  0.887  1.120  58.556  48.250
57  0.883  1.127  58.583  49.250
58  0.874  1.123  58.972  50.500
59  0.873  1.162  59.694  50.000
60  0.877  1.151  59.694  49.500
61  0.872  1.124  60.111  49.750
62  0.868  1.115  59.611  50.750
63  0.860  1.195  60.361  52.500
64  0.856  1.216  60.278  48.250
65  0.848  1.164  61.000  49.250
66  0.852  1.227  60.694  50.750
67  0.844  1.200  61.250  51.000
68  0.839  1.160  61.222  48.250
69  0.846  1.279  60.083  47.750
70  0.824  1.226  61.667  49.000
71  0.818  1.219  62.167  51.500
72  0.816  1.146  61.167  49.500
73  0.808  1.163  62.111  51.750
74  0.839  1.220  60.833  49.250
75  0.811  1.196  62.389  53.750
76  0.806  1.243  62.250  50.500
77  0.794  1.322  62.389  48.000
78  0.808  1.212  62.000  50.500
79  0.790  1.212  62.694  50.500
80  0.783  1.281  63.306  49.750
81  0.772  1.318  63.917  52.000
82  0.771  1.409  64.194  49.500
83  0.769  1.381  63.806  51.500
84  0.755  1.312  63.583  51.750
85  0.740  1.493  64.083  47.750
86  0.758  1.431  63.722  48.000
87  0.750  1.405  64.056  50.500
88  0.743  1.403  65.528  52.500
89  0.716  1.692  65.639  49.000
90  0.706  1.706  65.361  50.500
91  0.700  1.584  66.444  50.000
92  0.690  1.782  66.722  50.250
93  0.685  1.660  67.667  47.750
94  0.676  1.729  67.917  52.750
95  0.678  1.672  67.944  52.750
96  0.642  2.036  70.056  52.750
97  0.615  1.943  71.306  47.750
98  0.611  1.997  71.056  51.000
99  0.618  2.208  71.611  49.250
100  0.602  2.148  71.639  49.500
101  0.599  2.083  71.472  50.750
102  0.587  2.260  72.306  50.500
103  0.593  2.318  72.583  51.250
104  0.554  2.809  74.250  51.000
105  0.506  2.700  75.500  50.750
106  0.581  2.162  74.444  49.250
107  0.521  2.747  75.306  47.500
108  0.532  2.531  75.750  51.250
109  0.470  3.111  78.417  51.000
110  0.501  2.808  77.500  51.000
111  0.466  3.079  78.639  51.000
112  0.454  3.566  79.556  49.750
113  0.465  3.143  79.583  52.500
114  0.445  3.482  79.528  47.000
115  0.439  3.744  80.500  46.000
116  0.427  3.482  80.250  52.500
117  0.432  3.345  79.833  46.500
118  0.408  3.430  82.694  49.250
119  0.380  3.954  82.667  50.500
120  0.400  3.676  82.500  48.500
121  0.357  3.650  84.861  52.250
122  0.462  3.900  81.000  50.250
123  0.374  3.722  84.167  50.250
124  0.339  4.041  85.194  50.000
125  0.331  4.171  85.917  49.000
126  0.300  4.364  87.111  49.000
127  0.319  4.585  87.361  50.000
128  0.350  4.697  85.528  50.000
129  0.328  4.214  86.972  49.000
130  0.271  4.519  88.611  50.250
131  0.255  4.667  89.667  49.750
132  0.242  4.744  90.333  51.000
133  0.235  5.095  90.917  49.250
134  0.280  5.007  89.250  49.000
135  0.255  5.011  89.500  51.250
136  0.225  5.578  90.944  51.000
137  0.262  4.389  90.278  49.250
138  0.189  5.930  92.667  49.250
139  0.221  5.743  91.778  50.000
140  0.240  5.045  90.944  48.750
141  0.222  6.120  91.222  45.000
142  0.187  5.582  93.361  48.000
143  0.192  5.286  93.222  48.750
144  0.156  6.527  94.556  49.250
145  0.199  5.920  92.944  49.500
146  0.194  5.263  93.000  51.000
147  0.166  5.833  94.250  49.250
148  0.190  5.740  93.250  45.750
149  0.130  6.401  95.306  47.750
150  0.184  5.509  92.778  50.750
151  0.147  6.069  94.944  47.250
152  0.121  6.670  95.944  47.500
153  0.141  6.446  95.139  48.000
154  0.137  6.104  95.472  50.250
155  0.163  5.519  94.750  44.250
156  0.148  6.122  95.139  48.750
157  0.181  6.003  93.917  49.000
158  0.106  6.596  96.500  46.500
159  0.102  6.278  96.417  50.250
160  0.111  6.427  95.972  49.250
161  0.101  6.732  96.611  49.750
162  0.109  6.988  96.722  49.500
163  0.132  6.234  96.000  46.750
164  0.128  5.871  96.583  48.750
165  0.130  5.982  96.000  50.750
166  0.123  5.864  96.167  52.000
167  0.113  6.194  96.833  53.000
168  0.106  5.557  96.861  49.000
169  0.152  5.863  95.528  50.250
170  0.078  6.582  97.611  49.000
171  0.095  5.988  96.972  49.000
172  0.124  6.350  96.000  44.250
173  0.105  6.291  96.694  48.000
174  0.102  7.221  97.083  47.750
175  0.104  6.888  96.417  44.500
176  0.052  7.613  98.417  46.000
177  0.113  7.265  96.667  48.500
178  0.134  6.507  95.889  51.000
179  0.081  6.500  97.389  49.000
180  0.099  6.815  97.028  47.500
181  0.075  6.847  97.500  48.750
182  0.063  7.698  98.222  46.750
183  0.105  5.820  96.750  48.750
184  0.087  6.300  97.056  50.250
185  0.063  7.188  97.750  48.000
186  0.093  6.649  97.444  48.500
187  0.057  7.814  98.306  48.250
188  0.138  6.351  95.889  48.250
189  0.077  6.358  97.750  47.000
190  0.102  6.143  96.750  46.750
191  0.132  6.084  95.944  48.000
192  0.063  7.356  98.083  44.750
193  0.080  6.676  98.056  47.250
194  0.065  7.106  98.056  47.750
195  0.058  7.612  98.083  48.250
196  0.064  8.015  97.861  48.250
197  0.140  6.433  95.944  47.250
198  0.085  6.928  97.778  49.250
199  0.118  6.289  96.139  47.000
200  0.092  6.740  97.083  48.000
