1  1.362  1.343  35.417  37.000
2  1.346  1.347  37.611  37.500
3  1.334  1.327  37.833  37.500
4  1.332  1.346  37.417  32.000
5  1.340  1.334  37.833  37.250
6  1.341  1.353  37.472  37.500
7  1.341  1.340  37.667  37.250
8  1.338  1.334  38.028  36.000
9  1.342  1.345  37.500  36.500
10  1.333  1.339  38.639  39.500
11  1.346  1.346  37.056  37.000
12  1.348  1.347  37.444  37.000
13  1.349  1.346  37.444  37.000
14  1.348  1.347  37.444  37.000
15  1.348  1.346  37.444  37.000
16  1.348  1.346  37.444  37.000
17  1.348  1.346  37.444  37.000
18  1.348  1.346  37.444  37.000
19  1.348  1.346  37.444  37.000
20  1.348  1.346  37.444  37.000
21  1.348  1.345  37.444  37.000
22  1.348  1.346  37.444  37.000
23  1.348  1.346  37.444  37.000
24  1.347  1.345  37.444  37.000
25  1.348  1.346  37.444  37.000
26  1.347  1.345  37.444  37.000
27  1.347  1.345  37.444  37.000
28  1.347  1.345  37.444  37.000
29  1.347  1.345  37.444  37.000
30  1.347  1.345  37.444  37.000
31  1.347  1.345  37.444  37.000
32  1.347  1.345  37.444  37.000
33  1.347  1.345  37.444  37.000
34  1.347  1.345  37.444  37.000
35  1.347  1.345  37.444  37.000
36  1.347  1.345  37.444  37.000
37  1.347  1.345  37.444  37.000
38  1.347  1.345  37.444  37.000
39  1.347  1.345  37.444  37.000
40  1.347  1.345  37.444  37.000
41  1.347  1.345  37.444  37.000
42  1.347  1.345  37.444  37.000
43  1.347  1.345  37.444  37.000
44  1.347  1.345  37.444  37.000
45  1.347  1.345  37.444  37.000
46  1.347  1.345  37.444  37.000
47  1.347  1.345  37.444  37.000
48  1.347  1.345  37.444  37.000
49  1.347  1.345  37.444  37.000
50  1.347  1.345  37.444  37.000
51  1.347  1.345  37.444  37.000
52  1.347  1.345  37.444  37.000
53  1.347  1.345  37.444  37.000
54  1.347  1.345  37.444  37.000
55  1.347  1.345  37.444  37.000
56  1.347  1.345  37.444  37.000
57  1.347  1.345  37.444  37.000
58  1.347  1.345  37.444  37.000
59  1.347  1.345  37.444  37.000
60  1.347  1.345  37.444  37.000
61  1.347  1.345  37.444  37.000
62  1.347  1.345  37.444  37.000
63  1.347  1.345  37.444  37.000
64  1.347  1.345  37.444  37.000
65  1.347  1.345  37.444  37.000
66  1.347  1.345  37.444  37.000
67  1.347  1.345  37.444  37.000
68  1.347  1.345  37.444  37.000
69  1.347  1.345  37.444  37.000
70  1.347  1.345  37.444  37.000
71  1.347  1.345  37.444  37.000
72  1.347  1.345  37.444  37.000
73  1.347  1.345  37.444  37.000
74  1.347  1.345  37.444  37.000
75  1.347  1.345  37.444  37.000
76  1.347  1.345  37.444  37.000
77  1.347  1.345  37.444  37.000
78  1.347  1.345  37.444  37.000
79  1.347  1.345  37.444  37.000
80  1.347  1.345  37.444  37.000
81  1.347  1.345  37.444  37.000
82  1.347  1.345  37.444  37.000
83  1.347  1.345  37.444  37.000
84  1.347  1.345  37.444  37.000
85  1.347  1.345  37.444  37.000
86  1.347  1.345  37.444  37.000
87  1.347  1.345  37.444  37.000
88  1.347  1.345  37.444  37.000
89  1.347  1.345  37.444  37.000
90  1.347  1.345  37.444  37.000
91  1.347  1.345  37.444  37.000
92  1.347  1.345  37.444  37.000
93  1.347  1.345  37.444  37.000
94  1.347  1.345  37.444  37.000
95  1.347  1.345  37.444  37.000
96  1.347  1.345  37.444  37.000
97  1.347  1.345  37.444  37.000
98  1.347  1.345  37.444  37.000
99  1.347  1.345  37.444  37.000
100  1.347  1.345  37.444  37.000
101  1.347  1.345  37.444  37.000
102  1.347  1.345  37.444  37.000
103  1.347  1.345  37.444  37.000
104  1.347  1.345  37.444  37.000
105  1.347  1.345  37.444  37.000
106  1.347  1.345  37.444  37.000
107  1.347  1.345  37.444  37.000
108  1.347  1.345  37.444  37.000
109  1.347  1.345  37.444  37.000
110  1.347  1.345  37.444  37.000
111  1.347  1.345  37.444  37.000
112  1.347  1.345  37.444  37.000
113  1.347  1.345  37.444  37.000
114  1.347  1.345  37.444  37.000
115  1.347  1.345  37.444  37.000
116  1.347  1.345  37.444  37.000
117  1.347  1.345  37.444  37.000
118  1.347  1.345  37.444  37.000
119  1.347  1.345  37.444  37.000
120  1.347  1.345  37.444  37.000
121  1.347  1.345  37.444  37.000
122  1.347  1.345  37.444  37.000
123  1.347  1.345  37.444  37.000
124  1.347  1.345  37.444  37.000
125  1.347  1.345  37.444  37.000
126  1.347  1.345  37.444  37.000
127  1.347  1.345  37.444  37.000
128  1.347  1.345  37.444  37.000
129  1.347  1.345  37.444  37.000
130  1.347  1.345  37.444  37.000
131  1.347  1.345  37.444  37.000
132  1.347  1.345  37.444  37.000
133  1.347  1.345  37.444  37.000
134  1.347  1.345  37.444  37.000
135  1.347  1.345  37.444  37.000
136  1.347  1.345  37.444  37.000
137  1.347  1.345  37.444  37.000
138  1.347  1.345  37.444  37.000
139  1.347  1.345  37.444  37.000
140  1.347  1.345  37.444  37.000
141  1.347  1.345  37.444  37.000
142  1.347  1.345  37.444  37.000
143  1.347  1.345  37.444  37.000
144  1.347  1.345  37.444  37.000
145  1.347  1.345  37.444  37.000
146  1.347  1.345  37.444  37.000
147  1.347  1.345  37.444  37.000
148  1.347  1.345  37.444  37.000
149  1.347  1.345  37.444  37.000
150  1.347  1.345  37.444  37.000
151  1.347  1.345  37.444  37.000
152  1.347  1.345  37.444  37.000
153  1.347  1.345  37.444  37.000
154  1.347  1.345  37.444  37.000
155  1.347  1.345  37.444  37.000
156  1.347  1.345  37.444  37.000
157  1.347  1.345  37.444  37.000
158  1.347  1.345  37.444  37.000
159  1.347  1.345  37.444  37.000
160  1.347  1.345  37.444  37.000
161  1.347  1.345  37.444  37.000
162  1.347  1.345  37.444  37.000
163  1.347  1.345  37.444  37.000
164  1.347  1.345  37.444  37.000
165  1.347  1.345  37.444  37.000
166  1.347  1.345  37.444  37.000
167  1.347  1.345  37.444  37.000
168  1.347  1.345  37.444  37.000
169  1.347  1.345  37.444  37.000
170  1.347  1.345  37.444  37.000
171  1.347  1.345  37.444  37.000
172  1.347  1.345  37.444  37.000
173  1.347  1.345  37.444  37.000
174  1.347  1.345  37.444  37.000
175  1.347  1.345  37.444  37.000
176  1.347  1.345  37.444  37.000
177  1.347  1.345  37.444  37.000
178  1.347  1.345  37.444  37.000
179  1.347  1.345  37.444  37.000
180  1.347  1.345  37.444  37.000
181  1.347  1.345  37.444  37.000
182  1.347  1.345  37.444  37.000
183  1.347  1.345  37.444  37.000
184  1.347  1.345  37.444  37.000
185  1.347  1.345  37.444  37.000
186  1.347  1.345  37.444  37.000
187  1.347  1.345  37.444  37.000
188  1.347  1.345  37.444  37.000
189  1.347  1.345  37.444  37.000
190  1.347  1.345  37.444  37.000
191  1.347  1.345  37.444  37.000
192  1.347  1.345  37.444  37.000
193  1.347  1.345  37.444  37.000
194  1.347  1.345  37.444  37.000
195  1.347  1.345  37.444  37.000
196  1.347  1.345  37.444  37.000
197  1.347  1.345  37.444  37.000
198  1.347  1.345  37.444  37.000
199  1.347  1.345  37.444  37.000
200  1.347  1.345  37.444  37.000
