1  1.355  1.349  36.944  38.000
2  1.349  1.344  37.333  38.000
3  1.348  1.343  37.333  38.000
4  1.349  1.344  37.333  38.000
5  1.348  1.342  37.333  38.000
6  1.348  1.342  37.333  38.000
7  1.349  1.340  37.306  38.000
8  1.348  1.341  37.333  38.000
9  1.348  1.341  37.333  38.000
10  1.348  1.341  37.333  38.000
11  1.348  1.341  37.333  38.000
12  1.348  1.341  37.333  38.000
13  1.348  1.341  37.333  38.000
14  1.348  1.341  37.333  38.000
15  1.348  1.341  37.333  38.000
16  1.348  1.341  37.333  38.000
17  1.348  1.341  37.333  38.000
18  1.348  1.341  37.333  38.000
19  1.348  1.341  37.333  38.000
20  1.348  1.341  37.333  38.000
21  1.348  1.341  37.333  38.000
22  1.348  1.341  37.333  38.000
23  1.348  1.341  37.333  38.000
24  1.348  1.341  37.333  38.000
25  1.348  1.341  37.333  38.000
26  1.348  1.341  37.333  38.000
27  1.348  1.341  37.333  38.000
28  1.348  1.341  37.333  38.000
29  1.348  1.341  37.333  38.000
30  1.348  1.341  37.333  38.000
31  1.348  1.341  37.333  38.000
32  1.348  1.341  37.333  38.000
33  1.348  1.341  37.333  38.000
34  1.348  1.341  37.333  38.000
35  1.348  1.341  37.333  38.000
36  1.348  1.341  37.333  38.000
37  1.348  1.341  37.333  38.000
38  1.348  1.341  37.333  38.000
39  1.348  1.341  37.333  38.000
40  1.348  1.341  37.333  38.000
41  1.348  1.341  37.333  38.000
42  1.348  1.341  37.333  38.000
43  1.348  1.341  37.333  38.000
44  1.348  1.341  37.333  38.000
45  1.348  1.341  37.333  38.000
46  1.348  1.341  37.333  38.000
47  1.348  1.341  37.333  38.000
48  1.348  1.341  37.333  38.000
49  1.348  1.341  37.333  38.000
50  1.348  1.341  37.333  38.000
51  1.348  1.341  37.333  38.000
52  1.348  1.341  37.333  38.000
53  1.348  1.341  37.333  38.000
54  1.348  1.341  37.333  38.000
55  1.348  1.341  37.333  38.000
56  1.348  1.341  37.333  38.000
57  1.348  1.341  37.333  38.000
58  1.348  1.341  37.333  38.000
59  1.348  1.341  37.333  38.000
60  1.348  1.341  37.333  38.000
61  1.348  1.341  37.333  38.000
62  1.348  1.341  37.333  38.000
63  1.348  1.341  37.333  38.000
64  1.348  1.341  37.333  38.000
65  1.348  1.341  37.333  38.000
66  1.348  1.341  37.333  38.000
67  1.348  1.341  37.333  38.000
68  1.348  1.341  37.333  38.000
69  1.348  1.341  37.333  38.000
70  1.348  1.341  37.333  38.000
71  1.348  1.341  37.333  38.000
72  1.348  1.341  37.333  38.000
73  1.348  1.341  37.333  38.000
74  1.348  1.341  37.333  38.000
75  1.348  1.341  37.333  38.000
76  1.348  1.341  37.333  38.000
77  1.348  1.341  37.333  38.000
78  1.348  1.341  37.333  38.000
79  1.348  1.341  37.333  38.000
80  1.348  1.341  37.333  38.000
81  1.348  1.341  37.333  38.000
82  1.348  1.341  37.333  38.000
83  1.348  1.341  37.333  38.000
84  1.348  1.341  37.333  38.000
85  1.348  1.341  37.333  38.000
86  1.348  1.341  37.333  38.000
87  1.348  1.341  37.333  38.000
88  1.348  1.341  37.333  38.000
89  1.348  1.341  37.333  38.000
90  1.348  1.341  37.333  38.000
91  1.348  1.341  37.333  38.000
92  1.348  1.341  37.333  38.000
93  1.348  1.341  37.333  38.000
94  1.348  1.341  37.333  38.000
95  1.348  1.341  37.333  38.000
96  1.348  1.341  37.333  38.000
97  1.348  1.341  37.333  38.000
98  1.348  1.341  37.333  38.000
99  1.348  1.341  37.333  38.000
100  1.348  1.341  37.333  38.000
101  1.348  1.341  37.333  38.000
102  1.348  1.341  37.333  38.000
103  1.348  1.341  37.333  38.000
104  1.348  1.341  37.333  38.000
105  1.348  1.341  37.333  38.000
106  1.348  1.341  37.333  38.000
107  1.348  1.341  37.333  38.000
108  1.348  1.341  37.333  38.000
109  1.348  1.341  37.333  38.000
110  1.348  1.341  37.333  38.000
111  1.348  1.341  37.333  38.000
112  1.348  1.341  37.333  38.000
113  1.348  1.341  37.333  38.000
114  1.348  1.341  37.333  38.000
115  1.348  1.341  37.333  38.000
116  1.348  1.341  37.333  38.000
117  1.348  1.341  37.333  38.000
118  1.348  1.341  37.333  38.000
119  1.348  1.341  37.333  38.000
120  1.348  1.341  37.333  38.000
121  1.348  1.341  37.333  38.000
122  1.348  1.341  37.333  38.000
123  1.348  1.341  37.333  38.000
124  1.348  1.341  37.333  38.000
125  1.348  1.341  37.333  38.000
126  1.348  1.341  37.333  38.000
127  1.348  1.341  37.333  38.000
128  1.348  1.341  37.333  38.000
129  1.348  1.341  37.333  38.000
130  1.348  1.341  37.333  38.000
131  1.348  1.341  37.333  38.000
132  1.348  1.341  37.333  38.000
133  1.348  1.341  37.333  38.000
134  1.348  1.341  37.333  38.000
135  1.348  1.341  37.333  38.000
136  1.348  1.341  37.333  38.000
137  1.348  1.341  37.333  38.000
138  1.348  1.341  37.333  38.000
139  1.348  1.341  37.333  38.000
140  1.348  1.341  37.333  38.000
141  1.348  1.341  37.333  38.000
142  1.348  1.341  37.333  38.000
143  1.348  1.341  37.333  38.000
144  1.348  1.341  37.333  38.000
145  1.348  1.341  37.333  38.000
146  1.348  1.341  37.333  38.000
147  1.348  1.341  37.333  38.000
148  1.348  1.341  37.333  38.000
149  1.348  1.341  37.333  38.000
150  1.348  1.341  37.333  38.000
151  1.348  1.341  37.333  38.000
152  1.348  1.341  37.333  38.000
153  1.348  1.341  37.333  38.000
154  1.348  1.341  37.333  38.000
155  1.348  1.341  37.333  38.000
156  1.348  1.341  37.333  38.000
157  1.348  1.341  37.333  38.000
158  1.348  1.341  37.333  38.000
159  1.348  1.341  37.333  38.000
160  1.348  1.341  37.333  38.000
161  1.348  1.341  37.333  38.000
162  1.348  1.341  37.333  38.000
163  1.348  1.341  37.333  38.000
164  1.348  1.341  37.333  38.000
165  1.348  1.341  37.333  38.000
166  1.348  1.341  37.333  38.000
167  1.348  1.341  37.333  38.000
168  1.348  1.341  37.333  38.000
169  1.348  1.341  37.333  38.000
170  1.348  1.341  37.333  38.000
171  1.348  1.341  37.333  38.000
172  1.348  1.341  37.333  38.000
173  1.348  1.341  37.333  38.000
174  1.348  1.341  37.333  38.000
175  1.348  1.341  37.333  38.000
176  1.348  1.341  37.333  38.000
177  1.348  1.341  37.333  38.000
178  1.348  1.341  37.333  38.000
179  1.348  1.341  37.333  38.000
180  1.348  1.341  37.333  38.000
181  1.348  1.341  37.333  38.000
182  1.348  1.341  37.333  38.000
183  1.348  1.341  37.333  38.000
184  1.348  1.341  37.333  38.000
185  1.348  1.341  37.333  38.000
186  1.348  1.341  37.333  38.000
187  1.348  1.341  37.333  38.000
188  1.348  1.341  37.333  38.000
189  1.348  1.341  37.333  38.000
190  1.348  1.341  37.333  38.000
191  1.348  1.341  37.333  38.000
192  1.348  1.341  37.333  38.000
193  1.348  1.341  37.333  38.000
194  1.348  1.341  37.333  38.000
195  1.348  1.341  37.333  38.000
196  1.348  1.341  37.333  38.000
197  1.348  1.341  37.333  38.000
198  1.348  1.341  37.333  38.000
199  1.348  1.341  37.333  38.000
200  1.348  1.341  37.333  38.000
