1  1.355  1.335  35.917  40.000
2  1.348  1.335  37.111  40.000
3  1.348  1.335  37.111  40.000
4  1.348  1.335  37.111  40.000
5  1.347  1.334  37.111  40.000
6  1.347  1.332  37.111  40.000
7  1.344  1.326  37.111  40.000
8  1.337  1.316  37.333  40.500
9  1.333  1.317  37.611  39.500
10  1.334  1.315  37.361  39.750
11  1.328  1.311  37.611  39.750
12  1.328  1.311  37.944  39.500
13  1.329  1.311  37.611  39.500
14  1.327  1.311  38.000  39.750
15  1.328  1.311  37.778  39.750
16  1.330  1.310  37.500  39.500
17  1.329  1.311  37.750  39.750
18  1.327  1.310  37.528  39.750
19  1.330  1.310  37.611  39.500
20  1.329  1.310  37.222  39.500
21  1.328  1.310  37.472  39.500
22  1.327  1.310  37.861  39.750
23  1.328  1.309  37.667  39.500
24  1.329  1.309  37.833  39.500
25  1.326  1.309  37.833  39.500
26  1.325  1.309  37.944  39.750
27  1.328  1.309  37.611  39.500
28  1.328  1.309  37.472  39.500
29  1.324  1.308  37.778  39.500
30  1.324  1.308  37.917  39.500
31  1.325  1.307  37.694  39.500
32  1.327  1.308  37.833  39.500
33  1.326  1.308  37.833  39.500
34  1.325  1.307  37.694  39.500
35  1.325  1.306  37.917  39.500
36  1.326  1.306  37.917  39.500
37  1.323  1.307  37.778  39.750
38  1.325  1.306  37.833  39.500
39  1.324  1.305  37.667  39.500
40  1.324  1.305  37.806  39.750
41  1.322  1.304  37.806  39.750
42  1.324  1.306  37.361  39.500
43  1.325  1.305  37.972  39.500
44  1.326  1.303  37.556  39.500
45  1.323  1.307  37.972  39.750
46  1.324  1.308  37.806  39.750
47  1.326  1.307  37.444  39.750
48  1.323  1.306  37.611  39.750
49  1.325  1.303  37.778  39.500
50  1.322  1.304  37.778  39.500
51  1.325  1.303  37.806  39.500
52  1.323  1.301  37.583  39.500
53  1.324  1.302  37.694  39.500
54  1.322  1.302  37.639  39.500
55  1.322  1.303  37.889  39.750
56  1.321  1.305  37.972  39.750
57  1.323  1.302  37.889  39.500
58  1.323  1.301  37.639  39.500
59  1.322  1.303  37.861  39.750
60  1.322  1.300  37.722  39.500
61  1.323  1.304  37.806  39.750
62  1.322  1.303  37.806  39.750
63  1.323  1.300  38.056  39.500
64  1.323  1.300  37.639  39.500
65  1.322  1.304  37.556  39.750
66  1.324  1.309  37.750  39.750
67  1.325  1.306  37.472  39.750
68  1.323  1.300  37.722  39.750
69  1.320  1.303  37.639  39.750
70  1.321  1.306  37.750  39.750
71  1.323  1.299  37.611  39.500
72  1.322  1.301  37.694  39.500
73  1.321  1.301  37.528  39.750
74  1.320  1.301  37.778  39.750
75  1.322  1.305  37.750  39.750
76  1.322  1.298  37.639  39.500
77  1.319  1.303  37.972  39.750
78  1.320  1.298  37.667  39.750
79  1.321  1.303  37.778  39.750
80  1.319  1.309  37.694  39.250
81  1.327  1.299  37.472  39.500
82  1.321  1.298  37.472  39.500
83  1.320  1.301  37.722  39.750
84  1.321  1.307  37.528  39.750
85  1.323  1.304  37.806  39.750
86  1.322  1.299  37.944  39.500
87  1.319  1.298  37.778  39.500
88  1.319  1.299  37.944  39.500
89  1.321  1.298  37.833  39.500
90  1.319  1.306  37.750  39.750
91  1.322  1.307  37.750  39.750
92  1.323  1.298  37.583  39.750
93  1.321  1.298  37.417  39.750
94  1.319  1.302  37.611  39.750
95  1.320  1.307  37.611  39.750
96  1.322  1.306  37.694  39.500
97  1.323  1.300  37.722  39.750
98  1.321  1.303  37.750  39.750
99  1.321  1.297  37.528  39.500
100  1.319  1.298  38.111  39.750
101  1.320  1.297  37.500  39.750
102  1.319  1.296  37.694  39.750
103  1.320  1.298  37.444  39.500
104  1.319  1.297  37.722  39.750
105  1.319  1.303  37.722  39.750
106  1.320  1.302  37.833  39.750
107  1.320  1.295  37.833  39.500
108  1.319  1.299  37.611  39.750
109  1.319  1.304  37.722  39.750
110  1.322  1.297  37.806  39.750
111  1.319  1.298  37.778  39.750
112  1.319  1.296  37.889  39.750
113  1.317  1.295  37.694  39.750
114  1.320  1.296  37.528  39.750
115  1.321  1.302  37.639  39.750
116  1.320  1.296  37.750  39.750
117  1.320  1.301  37.806  39.750
118  1.325  1.305  37.361  39.750
119  1.322  1.299  37.667  39.750
120  1.319  1.298  37.750  39.750
121  1.318  1.297  37.694  39.500
122  1.317  1.301  37.778  39.750
123  1.322  1.299  37.639  39.750
124  1.320  1.300  37.667  39.750
125  1.320  1.300  37.861  39.750
126  1.320  1.301  37.861  39.750
127  1.320  1.300  37.694  39.750
128  1.327  1.298  37.389  39.500
129  1.318  1.306  37.611  39.750
130  1.322  1.297  37.583  39.750
131  1.317  1.298  37.750  39.750
132  1.319  1.307  37.611  39.750
133  1.322  1.304  37.639  39.250
134  1.323  1.302  37.528  39.250
135  1.321  1.302  37.694  39.750
136  1.323  1.303  37.611  39.750
137  1.322  1.299  37.778  39.750
138  1.320  1.307  37.778  39.750
139  1.324  1.297  37.611  39.500
140  1.319  1.304  37.472  39.750
141  1.321  1.300  37.583  39.750
142  1.321  1.297  37.694  39.750
143  1.319  1.297  37.722  39.750
144  1.319  1.296  37.889  39.750
145  1.317  1.300  37.639  39.750
146  1.320  1.298  37.833  39.750
147  1.318  1.301  37.722  39.750
148  1.322  1.297  37.417  39.750
149  1.319  1.304  37.667  39.250
150  1.323  1.297  37.500  39.750
151  1.318  1.296  37.639  39.750
152  1.317  1.297  37.583  39.750
153  1.321  1.296  37.750  39.750
154  1.318  1.296  37.639  39.750
155  1.322  1.298  37.833  39.250
156  1.317  1.301  37.611  39.750
157  1.321  1.300  37.694  39.750
158  1.320  1.297  37.833  39.750
159  1.319  1.297  37.583  39.750
160  1.318  1.297  37.639  39.750
161  1.318  1.299  37.750  39.750
162  1.322  1.298  37.444  39.750
163  1.320  1.299  37.639  39.750
164  1.318  1.296  37.583  39.750
165  1.318  1.299  37.861  39.750
166  1.321  1.296  37.417  39.750
167  1.319  1.299  37.583  39.750
168  1.319  1.297  37.750  39.750
169  1.317  1.302  37.500  39.750
170  1.320  1.299  37.667  39.750
171  1.318  1.299  37.861  39.750
172  1.320  1.297  37.444  39.750
173  1.315  1.300  37.667  39.750
174  1.317  1.300  37.750  39.750
175  1.319  1.297  37.500  39.750
176  1.317  1.305  37.389  39.500
177  1.321  1.297  37.694  39.750
178  1.315  1.296  37.694  39.750
179  1.315  1.304  37.778  39.500
180  1.315  1.306  37.750  39.500
181  1.315  1.302  37.806  39.250
182  1.316  1.301  37.667  39.750
183  1.315  1.308  37.444  39.250
184  1.318  1.308  37.722  39.500
185  1.313  1.309  37.667  39.500
186  1.318  1.307  37.806  39.500
187  1.320  1.304  37.722  39.750
188  1.317  1.298  37.500  39.750
189  1.314  1.304  37.889  39.500
190  1.315  1.300  37.778  39.750
191  1.310  1.307  37.694  39.500
192  1.312  1.312  37.944  38.500
193  1.316  1.308  37.611  37.750
194  1.312  1.308  38.028  38.000
195  1.317  1.310  37.361  39.750
196  1.313  1.298  37.500  40.750
197  1.311  1.302  38.222  40.000
198  1.310  1.300  37.611  40.000
199  1.311  1.297  37.639  40.750
200  1.310  1.295  38.111  40.750
