1  1.352  1.327  37.028  40.500
2  1.351  1.322  37.056  40.500
3  1.349  1.323  37.111  40.500
4  1.348  1.319  37.139  40.500
5  1.347  1.321  37.028  40.500
6  1.343  1.315  37.667  42.250
7  1.341  1.301  38.417  42.250
8  1.335  1.295  38.222  42.250
9  1.331  1.297  38.417  42.250
10  1.332  1.297  38.389  42.250
11  1.328  1.300  38.528  42.250
12  1.348  1.323  37.167  40.500
13  1.350  1.323  37.056  40.500
14  1.350  1.323  37.028  40.500
15  1.350  1.323  37.056  40.500
16  1.350  1.323  37.056  40.500
17  1.350  1.323  37.028  40.500
18  1.350  1.323  37.056  40.500
19  1.350  1.323  37.056  40.500
20  1.350  1.323  37.056  40.500
21  1.350  1.323  36.917  40.500
22  1.350  1.323  37.028  40.500
23  1.350  1.323  37.056  40.500
24  1.350  1.323  37.056  40.500
25  1.350  1.323  37.056  40.500
26  1.350  1.323  37.056  40.500
27  1.350  1.323  37.056  40.500
28  1.350  1.323  37.056  40.500
29  1.350  1.323  37.056  40.500
30  1.350  1.323  37.056  40.500
31  1.350  1.323  37.056  40.500
32  1.350  1.323  37.056  40.500
33  1.350  1.323  37.056  40.500
34  1.350  1.323  37.056  40.500
35  1.350  1.323  37.056  40.500
36  1.350  1.323  37.056  40.500
37  1.350  1.323  37.056  40.500
38  1.350  1.323  37.056  40.500
39  1.350  1.323  37.056  40.500
40  1.350  1.323  37.056  40.500
41  1.350  1.323  37.056  40.500
42  1.350  1.323  37.056  40.500
43  1.350  1.323  37.056  40.500
44  1.350  1.323  37.056  40.500
45  1.350  1.323  37.056  40.500
46  1.350  1.323  37.056  40.500
47  1.350  1.323  37.056  40.500
48  1.350  1.323  37.056  40.500
49  1.350  1.323  37.056  40.500
50  1.350  1.323  37.056  40.500
51  1.350  1.323  37.056  40.500
52  1.350  1.323  37.056  40.500
53  1.350  1.323  37.056  40.500
54  1.350  1.323  37.056  40.500
55  1.350  1.323  37.056  40.500
56  1.350  1.323  37.056  40.500
57  1.350  1.323  37.056  40.500
58  1.350  1.323  37.056  40.500
59  1.350  1.323  37.056  40.500
60  1.350  1.323  37.056  40.500
61  1.350  1.323  37.056  40.500
62  1.350  1.323  37.056  40.500
63  1.350  1.323  37.056  40.500
64  1.350  1.323  37.056  40.500
65  1.350  1.323  37.056  40.500
66  1.350  1.323  37.056  40.500
67  1.350  1.323  37.056  40.500
68  1.350  1.323  37.056  40.500
69  1.350  1.323  37.056  40.500
70  1.350  1.323  37.056  40.500
71  1.350  1.323  37.056  40.500
72  1.350  1.323  37.056  40.500
73  1.350  1.323  37.056  40.500
74  1.350  1.323  37.056  40.500
75  1.350  1.323  37.056  40.500
76  1.350  1.323  37.056  40.500
77  1.350  1.323  37.056  40.500
78  1.350  1.323  37.056  40.500
79  1.350  1.323  37.056  40.500
80  1.350  1.323  37.056  40.500
81  1.350  1.323  37.056  40.500
82  1.350  1.323  37.056  40.500
83  1.350  1.323  37.056  40.500
84  1.350  1.323  37.056  40.500
85  1.350  1.323  37.056  40.500
86  1.350  1.323  37.056  40.500
87  1.350  1.323  37.056  40.500
88  1.350  1.323  37.056  40.500
89  1.350  1.323  37.056  40.500
90  1.350  1.323  37.056  40.500
91  1.350  1.323  37.056  40.500
92  1.350  1.323  37.056  40.500
93  1.350  1.323  37.056  40.500
94  1.350  1.323  37.056  40.500
95  1.350  1.323  37.056  40.500
96  1.350  1.323  37.056  40.500
97  1.350  1.323  37.056  40.500
98  1.350  1.323  37.056  40.500
99  1.350  1.323  37.056  40.500
100  1.350  1.323  37.056  40.500
101  1.350  1.323  37.056  40.500
102  1.350  1.323  37.056  40.500
103  1.350  1.323  37.056  40.500
104  1.350  1.323  37.056  40.500
105  1.350  1.323  37.056  40.500
106  1.350  1.323  37.056  40.500
107  1.350  1.323  37.056  40.500
108  1.350  1.323  37.028  40.500
109  1.351  1.323  37.056  40.500
110  1.350  1.323  37.056  40.500
111  1.350  1.323  37.000  40.500
112  1.350  1.323  37.000  40.500
113  1.350  1.323  37.056  40.500
114  1.350  1.323  37.056  40.500
115  1.350  1.323  37.056  40.500
116  1.350  1.323  37.056  40.500
117  1.350  1.323  37.056  40.500
118  1.350  1.323  37.056  40.500
119  1.350  1.323  37.056  40.500
120  1.350  1.323  37.056  40.500
121  1.350  1.323  37.056  40.500
122  1.350  1.323  37.056  40.500
123  1.350  1.323  37.056  40.500
124  1.350  1.323  37.056  40.500
125  1.350  1.323  37.056  40.500
126  1.350  1.323  37.056  40.500
127  1.350  1.323  37.056  40.500
128  1.350  1.323  37.056  40.500
129  1.350  1.323  37.056  40.500
130  1.350  1.323  37.056  40.500
131  1.350  1.323  37.056  40.500
132  1.350  1.323  37.056  40.500
133  1.350  1.323  37.056  40.500
134  1.350  1.323  37.056  40.500
135  1.350  1.323  37.056  40.500
136  1.350  1.323  37.056  40.500
137  1.350  1.323  37.056  40.500
138  1.350  1.323  37.056  40.500
139  1.350  1.323  37.056  40.500
140  1.350  1.323  37.056  40.500
141  1.350  1.323  37.056  40.500
142  1.350  1.323  37.056  40.500
143  1.350  1.323  37.056  40.500
144  1.350  1.323  37.056  40.500
145  1.350  1.323  37.056  40.500
146  1.350  1.323  37.056  40.500
147  1.350  1.323  37.056  40.500
148  1.350  1.323  37.056  40.500
149  1.350  1.323  37.056  40.500
150  1.350  1.323  37.056  40.500
151  1.350  1.323  37.056  40.500
152  1.350  1.323  37.056  40.500
153  1.350  1.323  37.056  40.500
154  1.350  1.323  37.056  40.500
155  1.350  1.323  37.056  40.500
156  1.350  1.323  37.056  40.500
157  1.350  1.323  37.056  40.500
158  1.350  1.323  37.056  40.500
159  1.350  1.323  37.056  40.500
160  1.350  1.323  37.056  40.500
161  1.350  1.323  37.056  40.500
162  1.350  1.323  37.056  40.500
163  1.350  1.323  37.056  40.500
164  1.350  1.323  37.056  40.500
165  1.350  1.323  37.056  40.500
166  1.350  1.323  37.056  40.500
167  1.350  1.323  37.056  40.500
168  1.350  1.323  37.056  40.500
169  1.350  1.323  37.056  40.500
170  1.350  1.323  37.056  40.500
171  1.350  1.323  37.056  40.500
172  1.350  1.323  37.056  40.500
173  1.350  1.323  37.056  40.500
174  1.350  1.323  37.056  40.500
175  1.350  1.323  37.056  40.500
176  1.350  1.323  37.056  40.500
177  1.350  1.323  37.056  40.500
178  1.350  1.323  37.056  40.500
179  1.350  1.323  37.056  40.500
180  1.350  1.323  37.056  40.500
181  1.350  1.323  37.056  40.500
182  1.350  1.323  37.056  40.500
183  1.350  1.323  37.056  40.500
184  1.350  1.323  37.056  40.500
185  1.350  1.323  37.056  40.500
186  1.350  1.323  37.056  40.500
187  1.350  1.323  37.056  40.500
188  1.350  1.323  37.056  40.500
189  1.350  1.323  37.056  40.500
190  1.350  1.323  37.056  40.500
191  1.350  1.323  37.056  40.500
192  1.350  1.323  37.056  40.500
193  1.350  1.323  37.056  40.500
194  1.350  1.323  37.056  40.500
195  1.350  1.323  37.056  40.500
196  1.350  1.323  37.056  40.500
197  1.350  1.323  37.056  40.500
198  1.350  1.323  37.056  40.500
199  1.350  1.323  37.056  40.500
200  1.350  1.323  37.056  40.500
